133 0
2771 0
1839 0
90 0
1860 0
1910 0
132 0
146 0
144 0
1869 0
58 0
2804 0
1895 0
2792 0
29 0
103 0
1902 0
85 0
1892 0
70 0
110 0
1844 0
2795 0
3 0
2788 0
1872 0
22 0
18 0
28 0
1831 0
93 0
2802 0
2772 0
49 0
125 0
37 0
96 0
150 0
1865 0
1840 0
109 0
1846 0
23 0
114 0
1826 0
92 0
1808 0
47 0
31 0
1925 0
128 0
1912 0
1855 0
1879 0
1838 0
121 0
139 0
1850 0
1 0
1907 0
147 0
1823 0
53 0
1834 0
56 0
1917 0
116 0
11 0
48 0
99 0
117 0
35 0
2791 0
2796 0
112 0
77 0
40 0
33 0
1841 0
79 0
1906 0
88 0
19 0
123 0
1889 0
1929 0
106 0
1818 0
115 0
1832 0
1898 0
42 0
1812 0
2778 0
1891 0
1800 0
1867 0
1852 0
100 0
95 0
1887 0
1886 0
1805 0
120 0
2769 0
1878 0
2789 0
1837 0
45 0
1815 0
30 0
1824 0
1901 0
1930 0
142 0
1896 0
32 0
1882 0
127 0
13 0
1854 0
2806 0
1914 0
20 0
7 0
38 0
78 0
57 0
1922 0
1881 0
44 0
1908 0
2801 0
1821 0
2770 0
8 0
111 0
1870 0
1919 0
2803 0
108 0
36 0
1806 0
1913 0
0 0
2775 0
17 0
2797 0
138 0
1856 0
1875 0
1885 0
136 0
2794 0
1859 0
141 0
1849 0
2790 0
26 0
2774 0
2798 0
1816 0
34 0
1862 0
69 0
1866 0
39 0
9 0
2785 0
1825 0
59 0
1916 0
80 0
1888 0
1928 0
1871 0
2780 0
73 0
143 0
107 0
72 0
1813 0
135 0
1861 0
1811 0
1843 0
1900 0
1899 0
64 0
113 0
91 0
1880 0
1814 0
2773 0
119 0
98 0
46 0
1920 0
1820 0
1927 0
1801 0
129 0
51 0
67 0
1835 0
1876 0
126 0
1897 0
148 0
2793 0
1851 0
2805 0
84 0
1921 0
1873 0
2800 0
82 0
68 0
21 0
2781 0
1905 0
1911 0
50 0
1868 0
1848 0
1893 0
104 0
63 0
122 0
1847 0
1833 0
140 0
118 0
62 0
6 0
1904 0
1807 0
1804 0
1863 0
1827 0
10 0
2783 0
1864 0
76 0
130 0
24 0
1926 0
1877 0
12 0
66 0
105 0
5 0
1894 0
1810 0
75 0
52 0
65 0
2782 0
83 0
74 0
1842 0
2784 0
2779 0
4 0
131 0
54 0
1874 0
1830 0
1924 0
2799 0
15 0
86 0
81 0
1909 0
1918 0
1845 0
97 0
1809 0
101 0
2787 0
60 0
89 0
2777 0
1923 0
2 0
2786 0
149 0
1836 0
137 0
25 0
2776 0
1802 0
1858 0
1884 0
1915 0
1857 0
71 0
87 0
145 0
61 0
1817 0
16 0
1883 0
43 0
1903 0
1803 0
1822 0
134 0
1819 0
124 0
27 0
41 0
102 0
1853 0
1829 0
1828 0
94 0
55 0
14 0
1890 0
1488 2
1636 2
738 1
1609 2
2275 1
263 1
2192 1
926 1
2434 2
1231 2
502 1
1787 2
252 1
1163 2
308 1
2169 1
812 1
1289 2
2561 2
2356 2
2636 2
2464 2
277 1
946 1
297 1
2276 1
2097 1
663 1
971 1
1351 2
672 1
1473 2
529 1
1064 2
1066 2
241 1
2396 2
1042 2
2212 1
528 1
743 1
493 1
414 1
2050 1
2692 2
1049 2
392 1
639 1
1968 1
1265 2
815 1
1292 2
1444 2
1709 2
816 1
2634 2
1511 2
886 1
293 1
2282 1
165 1
479 1
1979 1
2032 1
2407 2
702 1
1217 2
299 1
273 1
320 1
2537 2
2432 2
1238 2
1260 2
2521 2
1144 2
1486 2
436 1
2498 2
1738 2
1481 2
381 1
2639 2
669 1
2063 1
2183 1
1717 2
2161 1
2750 2
1135 2
856 1
398 1
977 1
794 1
1001 1
179 1
2083 1
495 1
1439 2
2210 1
1442 2
1391 2
1286 2
1122 2
1040 2
2699 2
2551 2
1674 2
2329 2
366 1
1387 2
1247 2
2291 2
2546 2
1399 2
970 1
2726 2
819 1
2335 2
2697 2
600 1
1124 2
2347 2
912 1
1098 2
2342 2
1685 2
1517 2
2525 2
698 1
1667 2
1438 2
808 1
1345 2
573 1
2426 2
448 1
2061 1
1182 2
193 1
734 1
2754 2
1306 2
2648 2
579 1
952 1
1535 2
1204 2
1410 2
2116 1
2640 2
2565 2
1678 2
2028 1
454 1
768 1
2397 2
1664 2
1199 2
931 1
1975 1
1525 2
2218 1
249 1
2296 2
330 1
1112 2
715 1
167 1
291 1
670 1
2323 2
533 1
486 1
1648 2
1670 2
930 1
2125 1
302 1
197 1
2101 1
2064 1
2555 2
2689 2
1755 2
1044 2
2325 2
2643 2
2319 2
1991 1
2433 2
2113 1
1115 2
367 1
395 1
1620 2
2453 2
631 1
1731 2
1687 2
2500 2
2727 2
648 1
2309 2
548 1
906 1
2708 2
1073 2
2522 2
559 1
1419 2
1955 1
1093 2
711 1
2696 2
2250 1
183 1
1211 2
387 1
513 1
551 1
1385 2
1668 2
1730 2
744 1
342 1
2159 1
1734 2
592 1
2126 1
2567 2
490 1
2051 1
1383 2
800 1
995 1
1357 2
993 1
690 1
364 1
343 1
1000 1
1276 2
2162 1
2371 2
2454 2
250 1
517 1
280 1
597 1
2598 2
634 1
1681 2
1155 2
2731 2
962 1
2240 1
1584 2
246 1
909 1
1485 2
1540 2
2542 2
2563 2
774 1
290 1
512 1
784 1
1281 2
564 1
1724 2
2035 1
1693 2
2272 1
1162 2
839 1
657 1
1283 2
2723 2
868 1
883 1
2713 2
603 1
1041 2
2657 2
673 1
2279 1
303 1
1984 1
1539 2
2368 2
2707 2
2048 1
1446 2
1691 2
1263 2
2155 1
994 1
307 1
410 1
1937 1
2626 2
152 1
777 1
811 1
2017 1
1087 2
358 1
1307 2
1594 2
2394 2
539 1
1985 1
1752 2
1259 2
862 1
853 1
1076 2
2721 2
2337 2
1114 2
355 1
468 1
925 1
2576 2
2485 2
2603 2
1433 2
1106 2
2714 2
523 1
1160 2
2734 2
1721 2
1133 2
289 1
1665 2
2299 2
1643 2
2277 1
2610 2
269 1
1659 2
2160 1
2132 1
279 1
1237 2
1430 2
2157 1
177 1
1003 1
1214 2
1564 2
2728 2
2148 1
2084 1
960 1
655 1
1190 2
563 1
501 1
2614 2
166 1
2589 2
2015 1
948 1
1971 1
857 1
2185 1
1719 2
2136 1
542 1
477 1
1109 2
2442 2
2406 2
2287 1
316 1
332 1
1523 2
2120 1
652 1
1113 2
1530 2
887 1
2427 2
213 1
954 1
1104 2
2424 2
1411 2
1466 2
1541 2
675 1
2010 1
700 1
1172 2
2737 2
1722 2
469 1
1762 2
1435 2
1700 2
1170 2
593 1
2601 2
1505 2
1009 1
1556 2
916 1
2388 2
2211 1
2168 1
566 1
2456 2
333 1
1070 2
1549 2
1196 2
707 1
2645 2
2180 1
1510 2
2303 2
713 1
2736 2
2515 2
2129 1
1967 1
2761 2
824 1
2274 1
1495 2
208 1
354 1
651 1
1302 2
956 1
459 1
2387 2
1650 2
722 1
745 1
2609 2
1304 2
1151 2
2606 2
2703 2
1239 2
399 1
1470 2
2106 1
294 1
2718 2
2221 1
1551 2
2234 1
1099 2
2766 2
1978 1
2108 1
2620 2
2741 2
1213 2
2001 1
2228 1
1291 2
171 1
400 1
898 1
1418 2
637 1
2571 2
1990 1
1999 1
432 1
2231 1
153 1
361 1
2499 2
741 1
942 1
840 1
452 1
735 1
2504 2
1754 2
2611 2
2628 2
2111 1
2366 2
1235 2
221 1
1561 2
837 1
1626 2
2149 1
1772 2
2533 2
1467 2
1614 2
1192 2
453 1
628 1
922 1
164 1
2011 1
2686 2
2509 2
955 1
1288 2
1545 2
2681 2
207 1
2435 2
1148 2
2317 2
2600 2
1006 1
430 1
2245 1
360 1
1763 2
870 1
694 1
1130 2
938 1
473 1
1075 2
989 1
2691 2
933 1
1574 2
2658 2
1366 2
1010 1
2557 2
968 1
357 1
1653 2
488 1
1264 2
1424 2
577 1
786 1
940 1
2266 1
742 1
2322 2
447 1
190 1
1546 2
919 1
2073 1
427 1
2297 2
599 1
1344 2
326 1
1250 2
1294 2
159 1
677 1
981 1
2591 2
2310 2
1453 2
2630 2
2615 2
369 1
2419 2
2294 2
780 1
287 1
2605 2
2223 1
1578 2
2058 1
481 1
2423 2
317 1
1794 2
841 1
2140 1
764 1
382 1
624 1
441 1
2353 2
396 1
2357 2
873 1
588 1
604 1
2363 2
200 1
843 1
1227 2
2444 2
1278 2
2236 1
601 1
1088 2
1656 2
1489 2
1017 2
761 1
796 1
2637 2
2704 2
821 1
2154 1
1405 2
1741 2
2384 2
2732 2
2429 2
932 1
2121 1
389 1
928 1
845 1
1500 2
499 1
268 1
723 1
665 1
2219 1
1449 2
306 1
1287 2
496 1
1400 2
1401 2
163 1
393 1
2069 1
1051 2
2305 2
1572 2
2487 2
2056 1
1233 2
984 1
2044 1
895 1
1078 2
1542 2
1107 2
691 1
855 1
2030 1
2094 1
1565 2
725 1
172 1
1174 2
2375 2
2285 1
2667 2
1669 2
1660 2
215 1
2695 2
1501 2
649 1
1251 2
658 1
1671 2
2683 2
335 1
547 1
2195 1
612 1
719 1
2370 2
1972 1
590 1
1089 2
409 1
1167 2
2403 2
2244 1
1371 2
2623 2
1593 2
803 1
894 1
2332 2
1997 1
647 1
1652 2
623 1
1615 2
917 1
1036 2
879 1
834 1
2205 1
2517 2
891 1
2018 1
1326 2
1573 2
1081 2
2559 2
2331 2
1702 2
2706 2
238 1
1716 2
232 1
2428 2
2070 1
1412 2
2123 1
1969 1
2421 2
1576 2
541 1
2513 2
2540 2
1527 2
1388 2
1993 1
1047 2
635 1
2758 2
1159 2
1245 2
2100 1
2480 2
2131 1
1686 2
2582 2
1580 2
426 1
534 1
1657 2
2220 1
2489 2
2255 1
736 1
848 1
1515 2
505 1
2352 2
586 1
724 1
2744 2
2624 2
1528 2
1222 2
2536 2
1582 2
1770 2
1028 2
1521 2
967 1
1083 2
1200 2
2300 2
2502 2
2128 1
340 1
2711 2
524 1
806 1
825 1
1708 2
2203 1
1178 2
2130 1
1187 2
264 1
1180 2
1228 2
1392 2
864 1
1683 2
2524 2
2467 2
957 1
2729 2
1592 2
2224 1
1585 2
1127 2
1931 1
465 1
2530 2
1603 2
2742 2
1682 2
226 1
2008 1
1503 2
1548 2
997 1
1323 2
858 1
2052 1
2746 2
1769 2
266 1
644 1
680 1
2570 2
2295 2
411 1
750 1
730 1
831 1
2318 2
449 1
1768 2
888 1
913 1
1504 2
526 1
1947 1
2007 1
1268 2
778 1
1243 2
2316 2
1672 2
2173 1
1436 2
1793 2
1355 2
1343 2
1320 2
1635 2
1982 1
664 1
2164 1
2004 1
2253 1
1300 2
1005 1
2552 2
1463 2
1518 2
1023 2
2451 2
2447 2
1483 2
205 1
2096 1
1756 2
1090 2
897 1
974 1
754 1
632 1
1692 2
2719 2
1330 2
606 1
480 1
1035 2
1698 2
2243 1
1587 2
902 1
435 1
2573 2
2653 2
211 1
444 1
607 1
2755 2
2545 2
1150 2
1298 2
1317 2
2759 2
709 1
2477 2
2072 1
1441 2
1941 1
2314 2
881 1
1608 2
511 1
807 1
2298 2
1725 2
2650 2
2037 1
2373 2
204 1
1363 2
1048 2
1557 2
2675 2
463 1
2273 1
618 1
1195 2
433 1
1538 2
2472 2
1249 2
356 1
553 1
365 1
684 1
1642 2
2293 2
2400 2
826 1
1733 2
2411 2
2646 2
2306 2
423 1
1933 1
2578 2
210 1
2109 1
2386 2
1751 2
304 1
1688 2
2060 1
1147 2
789 1
2190 1
2288 1
2289 1
402 1
1623 2
281 1
178 1
1380 2
1586 2
2259 1
2710 2
578 1
2663 2
2469 2
158 1
1420 2
538 1
2484 2
2039 1
1244 2
1406 2
1128 2
2544 2
2204 1
2260 1
1110 2
1188 2
1221 2
2594 2
2649 2
1508 2
2172 1
234 1
2033 1
530 1
660 1
1207 2
2312 2
2359 2
2379 2
2449 2
1310 2
2749 2
1327 2
1773 2
217 1
1080 2
990 1
915 1
1476 2
861 1
2214 1
900 1
1426 2
2376 2
464 1
2674 2
2213 1
2278 1
182 1
1185 2
328 1
259 1
1974 1
802 1
1532 2
714 1
2201 1
2733 2
373 1
776 1
2687 2
2476 2
2163 1
1296 2
2175 1
2351 2
747 1
301 1
2436 2
575 1
688 1
2225 1
1516 2
416 1
1680 2
580 1
610 1
1094 2
394 1
1038 2
1262 2
1210 2
1477 2
314 1
2446 2
1677 2
2642 2
557 1
608 1
2756 2
1454 2
1462 2
2020 1
847 1
1129 2
346 1
1534 2
2677 2
1046 2
310 1
2358 2
1973 1
438 1
1575 2
1607 2
2402 2
1478 2
785 1
2532 2
544 1
2679 2
2568 2
1550 2
581 1
1597 2
176 1
2592 2
2383 2
2258 1
386 1
643 1
576 1
2003 1
2520 2
748 1
184 1
2071 1
878 1
2311 2
552 1
311 1
1205 2
1606 2
1696 2
2248 1
1673 2
2602 2
474 1
1020 2
233 1
522 1
532 1
1776 2
1315 2
1509 2
2200 1
503 1
1100 2
1490 2
2034 1
2191 1
582 1
1137 2
1425 2
1632 2
2040 1
2153 1
309 1
2229 1
1120 2
1193 2
1784 2
2086 1
801 1
2036 1
228 1
1952 1
550 1
243 1
319 1
1531 2
614 1
2304 2
1030 2
175 1
1230 2
2441 2
1077 2
2494 2
2237 1
487 1
347 1
2133 1
1956 1
609 1
2465 2
2461 2
822 1
1745 2
198 1
615 1
1382 2
2222 1
419 1
836 1
2651 2
1269 2
1536 2
1600 2
2281 1
1496 2
2678 2
832 1
2694 2
251 1
1018 2
406 1
214 1
682 1
2141 1
728 1
904 1
605 1
626 1
838 1
1795 2
1448 2
849 1
2188 1
1468 2
2506 2
2511 2
2745 2
315 1
959 1
245 1
231 1
445 1
185 1
846 1
296 1
1325 2
2158 1
1403 2
2574 2
661 1
2514 2
2170 1
820 1
899 1
2110 1
2661 2
2182 1
889 1
1053 2
168 1
589 1
1258 2
762 1
2481 2
2265 1
752 1
1158 2
2613 2
2067 1
2463 2
2184 1
1364 2
456 1
1334 2
2507 2
2075 1
2401 2
2617 2
975 1
923 1
2257 1
1176 2
1757 2
1629 2
687 1
2475 2
350 1
446 1
638 1
1369 2
2127 1
1457 2
1168 2
562 1
2206 1
611 1
1789 2
1219 2
1796 2
1953 1
1610 2
1072 2
2431 2
388 1
2415 2
1512 2
1186 2
1341 2
1368 2
558 1
1266 2
1943 1
2267 1
1054 2
973 1
980 1
1559 2
937 1
225 1
412 1
775 1
2283 1
2208 1
1675 2
1275 2
2147 1
2652 2
1226 2
1604 2
288 1
1658 2
1491 2
1173 2
2378 2
1775 2
1950 1
1139 2
253 1
2580 2
2102 1
2193 1
595 1
2320 2
1951 1
598 1
1519 2
2496 2
248 1
498 1
2417 2
1736 2
1141 2
1340 2
363 1
2437 2
1617 2
510 1
1704 2
1069 2
1427 2
1004 1
2618 2
2087 1
313 1
1013 2
1061 2
1372 2
591 1
1524 2
852 1
755 1
2089 1
1720 2
1939 1
2662 2
2523 2
585 1
1337 2
497 1
1748 2
196 1
1480 2
792 1
2313 2
1397 2
945 1
726 1
1225 2
2740 2
2115 1
2354 2
2457 2
935 1
758 1
1798 2
476 1
2307 2
2531 2
1333 2
2527 2
1242 2
2345 2
1149 2
2230 1
2326 2
2668 2
1131 2
571 1
2057 1
457 1
2146 1
2701 2
2730 2
2505 2
1166 2
556 1
500 1
1321 2
1429 2
1452 2
1206 2
2227 1
2232 1
772 1
2350 2
1625 2
704 1
2738 2
1029 2
813 1
2638 2
814 1
2486 2
810 1
867 1
1451 2
944 1
2014 1
1613 2
2013 1
753 1
1640 2
254 1
1348 2
1469 2
1777 2
1370 2
1050 2
892 1
275 1
345 1
998 1
863 1
2327 2
1555 2
716 1
1479 2
1169 2
545 1
1338 2
2065 1
186 1
1655 2
965 1
1058 2
2688 2
1360 2
951 1
1079 2
633 1
2581 2
2330 2
151 1
679 1
2495 2
1938 1
901 1
440 1
2560 2
1554 2
1324 2
1735 2
759 1
1482 2
318 1
1780 2
2016 1
1621 2
1443 2
341 1
710 1
1202 2
527 1
2196 1
1011 2
2716 2
1279 2
338 1
2000 1
203 1
1125 2
1240 2
2365 2
1514 2
844 1
472 1
2747 2
1117 2
712 1
739 1
978 1
1134 2
1316 2
1447 2
408 1
1624 2
1742 2
2468 2
678 1
1097 2
239 1
170 1
1676 2
1215 2
384 1
882 1
1389 2
2767 2
2684 2
224 1
1197 2
1301 2
1697 2
630 1
257 1
1367 2
602 1
2665 2
1108 2
992 1
1963 1
1393 2
327 1
1346 2
1413 2
976 1
192 1
1068 2
2054 1
2263 1
1152 2
1431 2
1208 2
1959 1
284 1
2361 2
1498 2
1936 1
1689 2
1434 2
2490 2
2177 1
2604 2
1201 2
1026 2
1123 2
546 1
1212 2
1954 1
397 1
2360 2
1631 2
194 1
646 1
1701 2
2137 1
1223 2
2440 2
2068 1
516 1
2369 2
2066 1
866 1
1750 2
1234 2
943 1
2735 2
1740 2
2012 1
659 1
766 1
791 1
2179 1
276 1
1379 2
2448 2
1246 2
2022 1
2471 2
2705 2
2380 2
781 1
520 1
322 1
1374 2
2443 2
2122 1
958 1
377 1
2082 1
1440 2
830 1
1261 2
195 1
425 1
936 1
1706 2
1402 2
1384 2
1295 2
1522 2
2460 2
859 1
767 1
1761 2
769 1
537 1
351 1
2290 2
1944 1
872 1
2466 2
1253 2
1666 2
2698 2
339 1
2165 1
2585 2
401 1
2199 1
531 1
507 1
1502 2
1699 2
914 1
703 1
625 1
616 1
1547 2
2268 1
2612 2
2197 1
1421 2
483 1
2538 2
1356 2
1783 2
1461 2
1778 2
1082 2
1361 2
282 1
999 1
1019 2
2459 2
2150 1
2753 2
415 1
1663 2
1140 2
437 1
461 1
2246 1
2367 2
1612 2
939 1
2247 1
1767 2
1096 2
1760 2
988 1
492 1
2364 2
2392 2
927 1
216 1
2194 1
620 1
642 1
1729 2
227 1
717 1
1977 1
686 1
1723 2
2093 1
1236 2
1007 1
1318 2
2198 1
286 1
706 1
727 1
2473 2
2702 2
1797 2
1493 2
218 1
701 1
2593 2
1194 2
1553 2
1183 2
2098 1
1285 2
2627 2
1661 2
2554 2
2550 2
2664 2
1639 2
1428 2
2088 1
2616 2
770 1
434 1
920 1
2597 2
697 1
514 1
2174 1
2105 1
793 1
1256 2
1293 2
2026 1
359 1
1373 2
212 1
871 1
2112 1
1571 2
2202 1
817 1
1274 2
2280 1
2336 2
1119 2
324 1
860 1
1647 2
1616 2
2445 2
2005 1
1583 2
1142 2
1039 2
1563 2
2763 2
1715 2
596 1
1630 2
374 1
2099 1
2152 1
2226 1
1983 1
1203 2
515 1
983 1
451 1
2439 2
1641 2
1994 1
352 1
763 1
429 1
385 1
1359 2
1282 2
979 1
470 1
2104 1
1027 2
439 1
292 1
2302 2
2672 2
1465 2
1581 2
907 1
2078 1
2765 2
1423 2
1021 2
1101 2
325 1
1154 2
471 1
2483 2
2654 2
1728 2
2308 2
2023 1
1432 2
2529 2
2493 2
2629 2
2671 2
1934 1
2724 2
2528 2
1220 2
1537 2
2053 1
693 1
478 1
2470 2
795 1
2535 2
570 1
1744 2
2492 2
2655 2
1450 2
549 1
1156 2
431 1
827 1
2343 2
2690 2
2251 1
1056 2
2709 2
1599 2
1988 1
1998 1
2135 1
1177 2
2595 2
2238 1
2178 1
1184 2
1071 2
1995 1
1726 2
2139 1
1601 2
1267 2
482 1
953 1
2334 2
908 1
972 1
1976 1
2344 2
1474 2
413 1
1189 2
1569 2
2534 2
1057 2
372 1
283 1
964 1
1520 2
2269 1
1746 2
1743 2
1771 2
1577 2
805 1
1059 2
1336 2
2021 1
1945 1
896 1
929 1
331 1
2622 2
1703 2
222 1
1996 1
568 1
2562 2
1377 2
404 1
379 1
267 1
2586 2
629 1
1644 2
2328 2
2055 1
1552 2
771 1
2079 1
2430 2
583 1
1034 2
305 1
1362 2
809 1
2660 2
2216 1
405 1
662 1
261 1
1786 2
2029 1
1103 2
1964 1
1015 2
1568 2
1645 2
1475 2
1313 2
1138 2
569 1
260 1
489 1
1764 2
247 1
509 1
1404 2
298 1
1737 2
2408 2
1948 1
733 1
475 1
2760 2
2548 2
1589 2
2031 1
1962 1
749 1
654 1
2235 1
2027 1
2764 2
765 1
1790 2
1191 2
1394 2
1305 2
1350 2
1799 2
1171 2
2374 2
1329 2
2564 2
344 1
180 1
656 1
2187 1
636 1
518 1
274 1
2377 2
1347 2
2338 2
2134 1
627 1
2286 1
1143 2
2413 2
417 1
536 1
2518 2
2333 2
1409 2
2176 1
2390 2
2762 2
1946 1
1328 2
1086 2
1638 2
699 1
911 1
2462 2
1533 2
2103 1
1248 2
1484 2
1157 2
1032 2
1567 2
1314 2
617 1
380 1
1758 2
491 1
1118 2
1273 2
202 1
2682 2
2138 1
1935 1
949 1
2019 1
160 1
2077 1
2712 2
1271 2
1161 2
2385 2
1014 2
645 1
721 1
613 1
2516 2
1084 2
467 1
2669 2
1627 2
1416 2
2556 2
1714 2
2107 1
640 1
574 1
1376 2
2596 2
391 1
790 1
1024 2
1459 2
823 1
2142 1
535 1
1679 2
2549 2
258 1
2572 2
2270 1
720 1
1136 2
1707 2
893 1
2644 2
2339 2
2588 2
565 1
1365 2
695 1
2124 1
230 1
2341 2
671 1
1165 2
1961 1
2631 2
833 1
1966 1
587 1
2625 2
229 1
2510 2
2501 2
1544 2
484 1
1705 2
880 1
910 1
2346 2
494 1
584 1
2321 2
2768 2
1958 1
1651 2
2041 1
255 1
421 1
1727 2
223 1
300 1
1595 2
799 1
875 1
390 1
746 1
996 1
1012 2
829 1
376 1
237 1
2418 2
2042 1
1566 2
2264 1
2474 2
1637 2
1349 2
1455 2
2284 1
2491 2
1711 2
2398 2
1499 2
692 1
696 1
884 1
1311 2
1102 2
428 1
2324 2
1390 2
1297 2
653 1
2450 2
1506 2
2720 2
460 1
295 1
220 1
572 1
1395 2
705 1
2479 2
1111 2
1105 2
737 1
270 1
2670 2
1095 2
271 1
1562 2
1179 2
966 1
1116 2
543 1
242 1
1456 2
1602 2
950 1
2607 2
1074 2
1299 2
540 1
1590 2
2393 2
2372 2
622 1
731 1
2002 1
2080 1
1718 2
378 1
424 1
1277 2
169 1
458 1
2254 1
2043 1
1309 2
874 1
1957 1
1759 2
555 1
760 1
1611 2
1022 2
323 1
1712 2
2095 1
2151 1
2579 2
903 1
1312 2
2114 1
1781 2
174 1
2301 2
2085 1
1272 2
1319 2
1408 2
2676 2
1284 2
2382 2
2700 2
2241 1
1254 2
1308 2
2512 2
1209 2
2508 2
969 1
353 1
2569 2
2666 2
797 1
641 1
865 1
1942 1
235 1
1175 2
2349 2
442 1
2409 2
2584 2
783 1
2405 2
162 1
1303 2
321 1
650 1
1649 2
157 1
2252 1
362 1
1634 2
2748 2
779 1
2553 2
206 1
1596 2
1987 1
674 1
1487 2
525 1
1033 2
349 1
1415 2
1684 2
1766 2
2207 1
1164 2
334 1
1445 2
2090 1
1662 2
869 1
842 1
1739 2
1695 2
1352 2
256 1
2558 2
375 1
1732 2
2673 2
1558 2
2362 2
986 1
1749 2
668 1
2478 2
2621 2
1052 2
1085 2
1633 2
2046 1
2171 1
403 1
240 1
1153 2
1252 2
348 1
666 1
2416 2
676 1
1654 2
2045 1
2391 2
443 1
278 1
2410 2
798 1
181 1
455 1
2539 2
854 1
1417 2
1460 2
732 1
1008 1
2189 1
2145 1
2751 2
718 1
2566 2
1126 2
1774 2
2117 1
1765 2
219 1
2519 2
422 1
2047 1
982 1
1753 2
462 1
2399 2
1970 1
1354 2
751 1
1386 2
2076 1
189 1
934 1
1507 2
2181 1
1045 2
420 1
2543 2
1043 2
2722 2
2081 1
787 1
2497 2
2091 1
1414 2
519 1
1619 2
782 1
1121 2
2414 2
1358 2
2143 1
905 1
1331 2
1981 1
2619 2
2647 2
2167 1
2422 2
1605 2
876 1
2577 2
1960 1
236 1
2025 1
2239 1
1016 2
1560 2
1198 2
1788 2
1060 2
851 1
1782 2
918 1
683 1
1055 2
1579 2
2381 2
2438 2
818 1
191 1
2725 2
567 1
2452 2
2632 2
985 1
1965 1
2739 2
450 1
1037 2
1932 1
2074 1
1407 2
1628 2
2685 2
2348 2
2590 2
2217 1
947 1
1216 2
1398 2
2404 2
1694 2
1067 2
1224 2
1335 2
1989 1
173 1
890 1
1492 2
2209 1
1091 2
2355 2
187 1
1396 2
1342 2
1494 2
2656 2
1381 2
1092 2
667 1
1332 2
804 1
1378 2
2315 2
2503 2
1257 2
2166 1
2659 2
708 1
1618 2
2395 2
2144 1
329 1
788 1
466 1
2526 2
1132 2
729 1
740 1
265 1
885 1
506 1
1526 2
1031 2
1949 1
2420 2
2680 2
2425 2
1980 1
2249 1
1791 2
1375 2
1471 2
2024 1
941 1
383 1
521 1
2482 2
312 1
2261 1
2292 2
828 1
1598 2
1622 2
2455 2
156 1
685 1
2049 1
2092 1
1472 2
161 1
1255 2
2693 2
1065 2
1062 2
2633 2
561 1
1710 2
756 1
757 1
2271 1
2006 1
877 1
2608 2
2743 2
1992 1
1785 2
2587 2
1353 2
594 1
991 1
2541 2
285 1
1529 2
2575 2
2233 1
2242 1
370 1
371 1
1713 2
368 1
2062 1
924 1
418 1
1940 1
1025 2
337 1
2757 2
1591 2
1747 2
2599 2
272 1
504 1
1280 2
2635 2
1570 2
407 1
1270 2
244 1
1986 1
1241 2
1646 2
963 1
262 1
773 1
1690 2
201 1
1146 2
2118 1
2119 1
1588 2
961 1
2458 2
2262 1
1063 2
1437 2
2340 2
1339 2
2583 2
1232 2
1002 1
1792 2
2059 1
1218 2
850 1
2641 2
209 1
2715 2
1458 2
1229 2
485 1
554 1
2156 1
1543 2
1464 2
1181 2
1322 2
2412 2
2488 2
1497 2
681 1
336 1
199 1
2009 1
2389 2
2547 2
987 1
188 1
1290 2
835 1
1422 2
1779 2
2256 1
154 1
2038 1
619 1
2186 1
2752 2
689 1
1513 2
1145 2
621 1
155 1
508 1
921 1
560 1
2717 2
2215 1
