0 1 139 9152 2431
0 1 139 7493 789
0 1 139 7493 2506
0 1 139 7493 531
0 1 139 7493 2530
0 1 139 7493 2107
0 1 12 2542 2284
0 1 12 4045 2567
0 1 12 8724 2567
0 1 12 1244 80
0 1 12 1244 2105
0 1 12 1244 663
0 1 12 1244 299
0 1 12 6786 320
0 1 70 8341 1897
0 1 70 8341 1897
0 1 20 8295 2745
0 1 20 7205 1259
0 1 1 5197 2484
0 1 1 5554 1263
0 1 1 4330 2384
0 1 1803 5095 1834
0 1 3 6680 70
0 1 3 6680 70
0 1 4 6972 103
0 1 4 6972 1807
0 1 4 6972 103
0 1 4 6972 1807
0 1 4 6100 1901
0 1 4 6100 1901
0 1 4 4898 1873
0 1 4 4898 1911
0 1 4 4898 1873
0 1 4 4898 2070
0 1 4 4898 1911
0 1 4 4898 2188
0 1 4 1283 1807
0 1 4 1283 1807
0 1 4 5575 1873
0 1 4 5575 1873
0 1 4 1543 1879
0 1 4 1543 108
0 1 4 1543 2006
0 1 4 1543 2452
0 1 4 1543 1879
0 1 4 1543 108
0 1 4 1543 2142
0 1 4 1543 2271
0 1 4 5271 2686
0 1 6 2364 1894
0 1 6 2364 2012
0 1 6 2364 1894
0 1 6 6972 103
0 1 6 6972 4
0 1 6 6972 1807
0 1 6 6972 103
0 1 6 6972 4
0 1 6 6972 1807
0 1 6 8352 1884
0 1 6 8352 1884
0 1 6 6466 2012
0 1 6 5349 4
0 1 6 5349 4
0 1 6 3643 2680
0 1 6 5740 1873
0 1 6 5740 1873
0 1 6 4854 2070
0 1 7 1463 154
0 1 7 1463 271
0 1 8 8081 2292
0 1 8 65 25
0 1 8 65 326
0 1 8 65 25
0 1 9 4028 2567
0 1 9 3325 110
0 1 9 3325 110
0 1 9 823 1880
0 1 9 823 1880
0 1 10 2356 2159
0 1 10 6204 2241
0 1 10 7701 264
0 1 11 5104 1876
0 1 11 5104 1900
0 1 11 5104 1876
0 1 11 5104 2070
0 1 11 5104 1900
0 1 11 4666 1893
0 1 11 4666 1893
0 1 11 1684 1871
0 1 11 1684 1871
0 1 11 1206 2115
0 1 11 1206 2251
0 1 11 9004 1900
0 1 11 9004 1900
0 1 14 5848 1805
0 1 14 5848 83
0 1 14 5848 233
0 1 14 5848 321
0 1 14 5848 271
0 1 14 5848 223
0 1 14 5848 1805
0 1 14 5848 2026
0 1 14 5848 322
0 1 14 5848 531
0 1 14 5848 2098
0 1 14 5848 528
0 1 14 5848 83
0 1 14 5848 2257
0 1 16 3677 1860
0 1 16 3677 1860
0 1 16 3677 540
0 1 16 6458 25
0 1 16 6458 83
0 1 16 6458 25
0 1 16 6458 531
0 1 16 6458 83
0 1 16 7400 25
0 1 16 7400 25
0 1 16 6762 2775
0 1 16 6762 252
0 1 16 6762 843
0 1 16 4236 1871
0 1 16 4236 1871
0 1 16 5503 1852
0 1 16 5503 1860
0 1 16 5503 101
0 1 16 5503 25
0 1 16 5503 147
0 1 16 5503 1852
0 1 16 5503 1860
0 1 16 5503 1964
0 1 16 5503 101
0 1 16 5503 25
0 1 16 5503 147
0 1 16 4666 1893
0 1 16 4666 1893
0 1 17 760 1899
0 1 17 760 1899
0 1 17 366 1889
0 1 17 366 1889
0 1 17 366 528
0 1 19 7013 1854
0 1 19 7013 1854
0 1 19 4859 1862
0 1 19 4859 1862
0 1 19 4859 326
0 1 19 4859 256
0 1 19 4859 2607
0 1 19 1489 1866
0 1 19 1489 1917
0 1 19 1489 1866
0 1 19 1489 793
0 1 19 1489 452
0 1 19 1489 1917
0 1 19 1907 1887
0 1 19 1907 1964
0 1 19 1907 1887
0 1 19 1907 2104
0 1 19 2526 1964
0 1 19 2526 531
0 1 19 2526 2152
0 1 19 7470 2413
0 1 19 7470 2607
0 1 23 7694 2487
0 1 23 7308 2111
0 1 24 180 2415
0 1 24 8432 1002
0 1 24 1411 1027
0 1 1805 6285 115
0 1 1805 6285 115
0 1 1805 5848 83
0 1 1805 5848 233
0 1 1805 5848 321
0 1 1805 5848 271
0 1 1805 5848 223
0 1 1805 5848 2026
0 1 1805 5848 322
0 1 1805 5848 531
0 1 1805 5848 2098
0 1 1805 5848 528
0 1 1805 5848 83
0 1 1805 5848 2257
0 1 1805 6405 2021
0 1 25 1948 56
0 1 25 1948 56
0 1 25 2379 35
0 1 25 2379 35
0 1 25 2138 1931
0 1 25 2138 2098
0 1 25 2977 1893
0 1 25 2977 1917
0 1 25 2977 71
0 1 25 2977 252
0 1 25 2977 330
0 1 25 2977 321
0 1 25 2977 223
0 1 25 2977 843
0 1 25 2977 2026
0 1 25 2977 531
0 1 25 2977 1893
0 1 25 2977 528
0 1 25 2977 1917
0 1 25 2977 71
0 1 25 65 326
0 1 25 2720 737
0 1 26 1206 2115
0 1 26 1206 2251
0 1 26 3677 1860
0 1 26 3677 16
0 1 26 3677 1860
0 1 26 3677 540
0 1 26 3677 16
0 1 27 6366 1890
0 1 27 6366 1890
0 1 28 6009 1899
0 1 28 6009 1899
0 1 28 4325 2773
0 1 28 4235 17
0 1 28 4235 17
0 1 28 1819 1878
0 1 28 1819 1878
0 1 28 1819 2686
0 1 28 485 1873
0 1 28 485 1899
0 1 28 485 1873
0 1 28 485 1899
0 1 28 2007 1873
0 1 28 2007 1807
0 1 28 2007 1873
0 1 28 2007 2006
0 1 28 2007 1807
0 1 28 4921 108
0 1 28 4921 126
0 1 28 4921 108
0 1 28 4921 126
0 1 28 7222 2006
0 1 29 6464 1964
0 1 29 6464 478
0 1 29 6464 741
0 1 31 6616 260
0 1 33 5848 1805
0 1 33 5848 83
0 1 33 5848 233
0 1 33 5848 321
0 1 33 5848 271
0 1 33 5848 223
0 1 33 5848 1805
0 1 33 5848 2026
0 1 33 5848 322
0 1 33 5848 531
0 1 33 5848 2098
0 1 33 5848 528
0 1 33 5848 83
0 1 33 5848 2257
0 1 33 2274 452
0 1 33 4842 14
0 1 33 4842 25
0 1 33 4842 14
0 1 33 4842 233
0 1 33 4842 344
0 1 33 4842 326
0 1 33 4842 789
0 1 33 4842 840
0 1 33 4842 843
0 1 33 4842 25
0 1 33 4666 1893
0 1 33 4666 1893
0 1 33 4031 1893
0 1 33 4031 344
0 1 33 4031 223
0 1 33 4031 322
0 1 33 4031 531
0 1 33 4031 1893
0 1 33 4031 528
0 1 1807 2980 2773
0 1 1807 2841 1873
0 1 1807 2841 1873
0 1 1807 6220 126
0 1 1807 6220 1899
0 1 1807 6220 126
0 1 1807 6220 1899
0 1 1807 6972 103
0 1 1807 6972 4
0 1 1807 6972 103
0 1 1807 6972 4
0 1 1807 6134 4
0 1 1807 6134 2452
0 1 1807 6134 4
0 1 1807 2007 1873
0 1 1807 2007 1873
0 1 1807 2007 2006
0 1 34 4200 191
0 1 34 7662 843
0 1 34 7662 464
0 1 34 2977 25
0 1 34 2977 1893
0 1 34 2977 1917
0 1 34 2977 71
0 1 34 2977 252
0 1 34 2977 330
0 1 34 2977 321
0 1 34 2977 223
0 1 34 2977 843
0 1 34 2977 2026
0 1 34 2977 25
0 1 34 2977 531
0 1 34 2977 1893
0 1 34 2977 528
0 1 34 2977 1917
0 1 34 2977 71
0 1 34 5068 1964
0 1 34 5068 740
0 1 34 2706 699
0 1 35 1207 1917
0 1 35 1207 1917
0 1 35 6957 1857
0 1 35 6957 99
0 1 35 6957 1857
0 1 35 6957 99
0 1 35 4859 1862
0 1 35 4859 1862
0 1 35 4859 326
0 1 35 4859 256
0 1 35 4859 2607
0 1 35 2379 25
0 1 35 2379 25
0 1 37 3876 1931
0 1 37 3876 2436
0 1 37 3876 2567
0 1 41 7003 108
0 1 41 7003 1907
0 1 41 7003 2419
0 1 41 7003 2006
0 1 41 7003 108
0 1 41 7003 2070
0 1 41 7003 1907
0 1 1810 5503 1852
0 1 1810 5503 1860
0 1 1810 5503 101
0 1 1810 5503 25
0 1 1810 5503 16
0 1 1810 5503 147
0 1 1810 5503 1852
0 1 1810 5503 1860
0 1 1810 5503 1964
0 1 1810 5503 101
0 1 1810 5503 25
0 1 1810 5503 16
0 1 1810 5503 147
0 1 45 4587 2723
0 1 45 3065 2059
0 1 45 1564 665
0 1 45 1564 264
0 1 46 1819 1878
0 1 46 1819 1878
0 1 46 1819 2686
0 1 46 760 17
0 1 46 760 1899
0 1 46 760 17
0 1 46 760 1899
0 1 47 8445 840
0 1 47 8445 2251
0 1 47 2301 322
0 1 47 5848 1805
0 1 47 5848 83
0 1 47 5848 233
0 1 47 5848 321
0 1 47 5848 271
0 1 47 5848 223
0 1 47 5848 1805
0 1 47 5848 2026
0 1 47 5848 322
0 1 47 5848 531
0 1 47 5848 2098
0 1 47 5848 528
0 1 47 5848 83
0 1 47 5848 2257
0 1 47 4154 14
0 1 47 4154 25
0 1 47 4154 1856
0 1 47 4154 14
0 1 47 4154 326
0 1 47 4154 2011
0 1 47 4154 25
0 1 47 4154 531
0 1 47 4154 464
0 1 47 4154 299
0 1 47 4154 1856
0 1 1811 6317 1863
0 1 1811 6317 1863
0 1 1811 2510 1863
0 1 1811 2510 1863
0 1 1811 2510 2302
0 1 49 6356 60
0 1 49 6356 60
0 1 49 4444 71
0 1 49 4444 71
0 1 49 4444 2723
0 1 49 154 60
0 1 49 154 60
0 1 49 7201 2797
0 1 49 7201 2406
0 1 49 7201 290
0 1 49 1878 60
0 1 49 1878 60
0 1 36 3325 110
0 1 36 3325 110
0 1 36 4327 2530
0 1 36 6285 1805
0 1 36 6285 115
0 1 36 6285 1805
0 1 36 6285 115
0 1 36 6798 1155
0 1 36 6298 1862
0 1 36 6298 1862
0 1 50 3399 1913
0 1 50 3399 1913
0 1 52 5432 2797
0 1 52 809 70
0 1 52 809 70
0 1 52 5114 1852
0 1 52 5114 83
0 1 52 5114 1852
0 1 52 5114 83
0 1 53 4130 2658
0 1 54 520 2457
0 1 1815 6854 101
0 1 1815 6854 1898
0 1 1815 6854 1908
0 1 1815 6854 101
0 1 1815 6854 1898
0 1 1815 6854 1908
0 1 1815 1543 1879
0 1 1815 1543 108
0 1 1815 1543 2006
0 1 1815 1543 2452
0 1 1815 1543 1879
0 1 1815 1543 108
0 1 1815 1543 2142
0 1 1815 1543 2271
0 1 1815 4903 2419
0 1 55 2364 1894
0 1 55 2364 2012
0 1 55 2364 1894
0 1 56 5848 1805
0 1 56 5848 83
0 1 56 5848 233
0 1 56 5848 321
0 1 56 5848 271
0 1 56 5848 223
0 1 56 5848 1805
0 1 56 5848 2026
0 1 56 5848 322
0 1 56 5848 531
0 1 56 5848 2098
0 1 56 5848 528
0 1 56 5848 83
0 1 56 5848 2257
0 1 56 4842 14
0 1 56 4842 25
0 1 56 4842 14
0 1 56 4842 233
0 1 56 4842 344
0 1 56 4842 326
0 1 56 4842 789
0 1 56 4842 840
0 1 56 4842 843
0 1 56 4842 25
0 1 56 4154 14
0 1 56 4154 25
0 1 56 4154 1856
0 1 56 4154 14
0 1 56 4154 326
0 1 56 4154 2011
0 1 56 4154 25
0 1 56 4154 531
0 1 56 4154 464
0 1 56 4154 299
0 1 56 4154 1856
0 1 56 1402 1908
0 1 56 1402 254
0 1 56 1402 1908
0 1 57 8749 108
0 1 57 8749 108
0 1 58 776 1805
0 1 58 776 1805
0 1 59 6713 1925
0 1 59 6713 1925
0 1 60 7201 2797
0 1 60 7201 2406
0 1 60 7201 290
0 1 60 8707 552
0 1 60 409 2797
0 1 60 8433 290
0 1 60 4444 71
0 1 60 4444 71
0 1 60 4444 2723
0 1 60 1234 186
0 1 60 2465 2797
0 1 60 2465 322
0 1 60 2465 2152
0 1 61 6972 103
0 1 61 6972 4
0 1 61 6972 1807
0 1 61 6972 103
0 1 61 6972 4
0 1 61 6972 1807
0 1 61 9075 2452
0 1 61 8957 1877
0 1 61 8957 1879
0 1 61 8957 1877
0 1 61 8957 1879
0 1 61 7003 108
0 1 61 7003 1907
0 1 61 7003 2419
0 1 61 7003 2006
0 1 61 7003 108
0 1 61 7003 2070
0 1 61 7003 1907
0 1 61 833 1871
0 1 61 833 1871
0 1 61 7735 1879
0 1 61 7735 1879
0 1 61 7735 2686
0 1 61 6190 1807
0 1 61 6190 2070
0 1 61 6190 1807
0 1 1818 2397 1834
0 1 1818 1792 1837
0 1 1818 5095 1834
0 1 1818 4820 1834
0 1 62 6680 70
0 1 62 6680 70
0 1 62 6550 1871
0 1 62 6550 1871
0 1 1820 509 100
0 1 1820 509 100
0 1 63 4898 1873
0 1 63 4898 4
0 1 63 4898 1911
0 1 63 4898 1873
0 1 63 4898 4
0 1 63 4898 2070
0 1 63 4898 1911
0 1 63 4898 2188
0 1 63 7804 1916
0 1 63 7804 1916
0 1 65 6972 103
0 1 65 6972 4
0 1 65 6972 1807
0 1 65 6972 103
0 1 65 6972 4
0 1 65 6972 1807
0 1 65 2007 1873
0 1 65 2007 1807
0 1 65 2007 1873
0 1 65 2007 2006
0 1 65 2007 1807
0 1 66 2885 835
0 1 67 6179 275
0 1 1821 3864 1873
0 1 1821 3864 1876
0 1 1821 3864 1873
0 1 1821 3864 1876
0 1 1821 3864 2264
0 1 69 1201 2006
0 1 69 4903 2419
0 1 69 950 108
0 1 69 950 1807
0 1 69 950 1923
0 1 69 950 108
0 1 69 950 1807
0 1 69 950 1923
0 1 71 585 1458
0 1 71 4444 2723
0 1 72 2170 99
0 1 72 2170 154
0 1 72 2170 99
0 1 72 1038 1805
0 1 72 1038 1805
0 1 72 4031 1893
0 1 72 4031 344
0 1 72 4031 223
0 1 72 4031 322
0 1 72 4031 531
0 1 72 4031 1893
0 1 72 4031 528
0 1 74 1206 2115
0 1 74 1206 2251
0 1 74 5503 1852
0 1 74 5503 1860
0 1 74 5503 101
0 1 74 5503 25
0 1 74 5503 16
0 1 74 5503 147
0 1 74 5503 1852
0 1 74 5503 1860
0 1 74 5503 1964
0 1 74 5503 101
0 1 74 5503 25
0 1 74 5503 16
0 1 74 5503 147
0 1 1823 809 70
0 1 1823 809 70
0 1 77 7830 386
0 1 77 7830 2258
0 1 82 5503 1852
0 1 82 5503 1860
0 1 82 5503 101
0 1 82 5503 25
0 1 82 5503 16
0 1 82 5503 147
0 1 82 5503 1852
0 1 82 5503 1860
0 1 82 5503 1964
0 1 82 5503 101
0 1 82 5503 25
0 1 82 5503 16
0 1 82 5503 147
0 1 82 3841 1873
0 1 82 3841 108
0 1 82 3841 1807
0 1 82 3841 1899
0 1 82 3841 1873
0 1 82 3841 108
0 1 82 3841 1807
0 1 82 3841 1899
0 1 82 9075 2452
0 1 83 5114 1852
0 1 83 5114 1852
0 1 83 6458 25
0 1 83 6458 25
0 1 83 6458 531
0 1 83 6268 1856
0 1 83 6268 1947
0 1 83 6268 540
0 1 83 6268 1856
0 1 83 6668 1974
0 1 83 6668 663
0 1 83 5848 1805
0 1 83 5848 233
0 1 83 5848 321
0 1 83 5848 271
0 1 83 5848 223
0 1 83 5848 1805
0 1 83 5848 2026
0 1 83 5848 322
0 1 83 5848 531
0 1 83 5848 2098
0 1 83 5848 528
0 1 83 5848 2257
0 1 85 10 2641
0 1 87 5912 1931
0 1 1828 5954 1899
0 1 1828 5954 2070
0 1 1828 5954 1899
0 1 1828 8749 108
0 1 1828 8749 108
0 1 1828 6190 1807
0 1 1828 6190 2070
0 1 1828 6190 1807
0 1 89 5656 2281
0 1 89 9031 233
0 1 89 9031 1998
0 1 89 9031 789
0 1 89 9031 2035
0 1 89 9031 2224
0 1 89 9031 2281
0 1 90 409 2797
0 1 90 1234 186
0 1 90 1396 60
0 1 90 1396 60
0 1 90 1480 2797
0 1 90 8707 60
0 1 90 8707 60
0 1 90 8707 552
0 1 1831 3341 1896
0 1 1831 3341 1896
0 1 1832 7871 1837
0 1 92 3173 1900
0 1 92 3173 1900
0 1 92 1206 2115
0 1 92 1206 2251
0 1 92 5882 2006
0 1 92 950 108
0 1 92 950 1807
0 1 92 950 1923
0 1 92 950 108
0 1 92 950 1807
0 1 92 950 1923
0 1 93 996 14
0 1 93 996 14
0 1 1833 7883 103
0 1 1833 7883 103
0 1 1833 7883 2070
0 1 94 3744 1942
0 1 94 3744 2098
0 1 95 4082 322
0 1 95 6316 1876
0 1 95 6316 1876
0 1 95 5562 1871
0 1 95 5562 1871
0 1 95 9004 1900
0 1 95 9004 1900
0 1 96 6285 1805
0 1 96 6285 115
0 1 96 6285 1805
0 1 96 6285 115
0 1 96 6268 83
0 1 96 6268 1856
0 1 96 6268 1947
0 1 96 6268 83
0 1 96 6268 540
0 1 96 6268 1856
0 1 99 2170 154
0 1 99 5842 276
0 1 99 5842 994
0 1 100 2764 1062
0 1 100 2764 2652
0 1 100 1451 2441
0 1 100 509 1820
0 1 101 944 1901
0 1 101 944 16
0 1 101 944 1901
0 1 101 944 16
0 1 103 7824 108
0 1 103 7824 108
0 1 103 1543 1879
0 1 103 1543 108
0 1 103 1543 2006
0 1 103 1543 2452
0 1 103 1543 1879
0 1 103 1543 108
0 1 103 1543 2142
0 1 103 1543 2271
0 1 103 7883 2070
0 1 103 7269 1879
0 1 103 7269 1879
0 1 103 8893 1901
0 1 103 8893 2012
0 1 103 8893 1901
0 1 103 1201 2006
0 1 105 5325 1156
0 1 106 4325 2773
0 1 106 2873 1479
0 1 106 3864 1873
0 1 106 3864 1876
0 1 106 3864 1873
0 1 106 3864 1876
0 1 106 3864 2264
0 1 106 2624 1821
0 1 106 2624 1821
0 1 107 6905 1860
0 1 107 6905 1866
0 1 107 6905 1931
0 1 107 6905 1860
0 1 107 6905 1866
0 1 107 6905 2026
0 1 107 6905 528
0 1 107 4154 14
0 1 107 4154 25
0 1 107 4154 1856
0 1 107 4154 14
0 1 107 4154 326
0 1 107 4154 2011
0 1 107 4154 25
0 1 107 4154 531
0 1 107 4154 464
0 1 107 4154 299
0 1 107 4154 1856
0 1 108 1543 1879
0 1 108 1543 2006
0 1 108 1543 2452
0 1 108 1543 1879
0 1 108 1543 2142
0 1 108 1543 2271
0 1 108 1720 1879
0 1 108 1720 2452
0 1 108 1720 1879
0 1 108 32 1879
0 1 108 32 1807
0 1 108 32 1879
0 1 108 32 2070
0 1 108 32 1807
0 1 108 3841 1873
0 1 108 3841 1807
0 1 108 3841 1899
0 1 108 3841 1873
0 1 108 3841 1807
0 1 108 3841 1899
0 1 108 5104 1876
0 1 108 5104 1900
0 1 108 5104 1876
0 1 108 5104 2070
0 1 108 5104 1900
0 1 108 3683 1913
0 1 108 3683 1913
0 1 108 950 1807
0 1 108 950 1923
0 1 108 950 1807
0 1 108 950 1923
0 1 108 7003 1907
0 1 108 7003 2419
0 1 108 7003 2006
0 1 108 7003 2070
0 1 108 7003 1907
0 1 111 7110 252
0 1 111 7110 2105
0 1 111 7110 742
0 1 1839 7428 2786
0 1 115 6285 1805
0 1 115 6285 1805
0 1 115 2977 25
0 1 115 2977 1893
0 1 115 2977 1917
0 1 115 2977 71
0 1 115 2977 252
0 1 115 2977 330
0 1 115 2977 321
0 1 115 2977 223
0 1 115 2977 843
0 1 115 2977 2026
0 1 115 2977 25
0 1 115 2977 531
0 1 115 2977 1893
0 1 115 2977 528
0 1 115 2977 1917
0 1 115 2977 71
0 1 115 8445 840
0 1 115 8445 2251
0 1 104 8759 1897
0 1 104 8759 1897
0 1 104 5761 386
0 1 104 2620 1897
0 1 104 2620 386
0 1 104 2620 1897
0 1 117 6849 2012
0 1 117 1819 1878
0 1 117 1819 1878
0 1 117 1819 2686
0 1 117 1193 1807
0 1 117 1193 1807
0 1 1844 3279 17
0 1 1844 3279 17
0 1 125 991 2598
0 1 126 3562 2070
0 1 126 2817 2070
0 1 126 8946 108
0 1 126 8946 1807
0 1 126 8946 108
0 1 126 8946 1807
0 1 126 3819 2452
0 1 126 1720 1879
0 1 126 1720 108
0 1 126 1720 2452
0 1 126 1720 1879
0 1 126 1720 108
0 1 126 3841 1873
0 1 126 3841 108
0 1 126 3841 1807
0 1 126 3841 1899
0 1 126 3841 1873
0 1 126 3841 108
0 1 126 3841 1807
0 1 126 3841 1899
0 1 126 4921 108
0 1 126 4921 108
0 1 128 8810 2630
0 1 128 9164 2550
0 1 133 3650 2709
0 1 133 7696 2486
0 1 1846 4417 2801
0 1 140 5848 1805
0 1 140 5848 83
0 1 140 5848 233
0 1 140 5848 321
0 1 140 5848 271
0 1 140 5848 223
0 1 140 5848 1805
0 1 140 5848 2026
0 1 140 5848 322
0 1 140 5848 531
0 1 140 5848 2098
0 1 140 5848 528
0 1 140 5848 83
0 1 140 5848 2257
0 1 140 1244 12
0 1 140 1244 80
0 1 140 1244 12
0 1 140 1244 2105
0 1 140 1244 663
0 1 140 1244 299
0 1 140 3715 2203
0 1 143 6450 2446
0 1 144 2977 25
0 1 144 2977 1893
0 1 144 2977 1917
0 1 144 2977 71
0 1 144 2977 252
0 1 144 2977 330
0 1 144 2977 321
0 1 144 2977 223
0 1 144 2977 843
0 1 144 2977 2026
0 1 144 2977 25
0 1 144 2977 531
0 1 144 2977 1893
0 1 144 2977 528
0 1 144 2977 1917
0 1 144 2977 71
0 1 144 6464 1964
0 1 144 6464 478
0 1 144 6464 741
0 1 144 8724 12
0 1 144 8724 12
0 1 144 8724 2567
0 1 146 7536 1905
0 1 146 7536 1905
0 1 146 6961 1316
0 1 147 4980 2530
0 1 147 8828 270
0 1 149 5740 1873
0 1 149 5740 1873
0 1 149 4854 2070
0 1 150 7720 2310
0 1 305 3582 363
0 1 1704 7539 1855
0 1 1704 7539 1855
0 1 552 5804 1007
0 1 552 5804 663
0 1 552 1396 60
0 1 552 1396 60
0 1 552 8707 60
0 1 552 8707 60
0 1 552 6298 1862
0 1 552 6298 1862
0 1 139 9152 2431
0 1 139 7493 789
0 1 139 7493 2506
0 1 139 7493 531
0 1 139 7493 2530
0 1 139 7493 2107
0 1 218 2603 12
0 1 218 2603 1887
0 1 218 2603 12
0 1 218 2603 1887
0 1 1531 8472 2529
0 1 1062 2764 100
0 1 1062 2764 100
0 1 1062 2764 2652
0 1 1062 1397 2643
0 1 1062 1397 2650
0 1 1062 1122 2391
0 1 1062 2213 2651
0 1 1546 1528 2371
0 1 478 463 2607
0 1 624 2424 1931
0 1 624 2424 2098
0 1 624 6905 1860
0 1 624 6905 1866
0 1 624 6905 1931
0 1 624 6905 1860
0 1 624 6905 1866
0 1 624 6905 2026
0 1 624 6905 528
0 1 624 3876 1931
0 1 624 3876 2436
0 1 624 3876 2567
0 1 624 2138 25
0 1 624 2138 1931
0 1 624 2138 25
0 1 624 2138 2098
0 1 624 5621 1931
0 1 624 2311 2055
0 1 624 5848 1805
0 1 624 5848 83
0 1 624 5848 233
0 1 624 5848 321
0 1 624 5848 271
0 1 624 5848 223
0 1 624 5848 1805
0 1 624 5848 2026
0 1 624 5848 322
0 1 624 5848 531
0 1 624 5848 2098
0 1 624 5848 528
0 1 624 5848 83
0 1 624 5848 2257
0 1 1710 845 2527
0 1 1479 6100 4
0 1 1479 6100 1901
0 1 1479 6100 4
0 1 1479 6100 1901
0 1 1479 7100 1807
0 1 1479 7100 2452
0 1 1479 7100 1807
0 1 1078 8506 2049
0 1 1713 3408 1855
0 1 1713 3408 1855
0 1 934 5491 2060
0 1 934 5491 2133
0 1 934 5796 2658
0 1 841 1996 1027
0 1 154 1463 7
0 1 154 1463 271
0 1 154 1463 7
0 1 154 7302 2353
0 1 1063 5073 1134
0 1 1063 8475 2545
0 1 1063 8475 2182
0 1 1063 6754 1137
0 1 1063 2380 2639
0 1 1718 5869 2341
0 1 531 8007 271
0 1 1020 1733 2359
0 1 1728 6197 2312
0 1 1731 520 54
0 1 1731 520 2457
0 1 1731 520 54
0 1 1731 5947 2433
0 1 1173 4057 1854
0 1 1173 4057 1854
0 1 1173 7618 1076
0 1 1173 7618 2607
0 1 1173 1907 1887
0 1 1173 1907 1964
0 1 1173 1907 1887
0 1 1173 1907 2104
0 1 1173 1552 196
0 1 1173 1552 2025
0 1 1173 7470 2413
0 1 1173 7470 2607
0 1 1173 3004 1959
0 1 1173 1504 2359
0 1 1736 2537 1978
0 1 1046 8472 2529
0 1 260 2169 2035
0 1 1745 7291 1063
0 1 223 4031 1893
0 1 223 4031 344
0 1 223 4031 322
0 1 223 4031 531
0 1 223 4031 1893
0 1 223 4031 528
0 1 1024 2542 12
0 1 1024 2542 2284
0 1 1024 2542 12
0 1 1024 5122 2380
0 1 992 2156 252
0 1 12 2542 2284
0 1 12 4045 2567
0 1 12 8724 2567
0 1 12 1244 80
0 1 12 1244 2105
0 1 12 1244 663
0 1 12 1244 299
0 1 12 6786 320
0 1 495 4606 2108
0 1 1764 7178 1859
0 1 1764 7178 1859
0 1 70 8341 1897
0 1 70 8341 1897
0 1 213 6968 196
0 1 20 8295 2745
0 1 20 7205 1259
0 1 1034 8197 2132
0 1 1776 3430 2737
0 1 190 3776 2476
0 1 1012 6014 1063
0 1 1013 2883 201
0 1 1017 3394 2436
0 1 1017 505 1738
0 1 1019 4414 2343
0 1 1019 6823 2445
0 1 1021 8545 2305
0 1 1021 6254 2027
0 1 1026 3415 1063
0 1 1026 6804 2592
0 1 157 2781 1824
0 1 1029 516 2607
0 1 1031 7755 1339
0 1 158 2181 1964
0 1 1032 4427 1022
0 1 1032 4796 1956
0 1 1033 208 1137
0 1 159 7186 2002
0 1 159 6588 2442
0 1 1035 7765 1601
0 1 1038 5729 2523
0 1 1039 3596 1052
0 1 1039 8492 2569
0 1 1039 8492 2731
0 1 160 6705 367
0 1 160 8644 367
0 1 163 7182 1996
0 1 1045 331 2367
0 1 1 5197 2484
0 1 1 5554 1263
0 1 1 4330 2384
0 1 165 7095 314
0 1 1049 3268 2387
0 1 1049 4202 314
0 1 1049 8388 2533
0 1 1051 4996 2302
0 1 1051 4996 2759
0 1 167 2145 2332
0 1 167 8724 12
0 1 167 8724 12
0 1 167 8724 2567
0 1 1053 3990 2308
0 1 168 8782 2313
0 1 1055 4365 2539
0 1 172 2529 2026
0 1 1065 4119 2349
0 1 1065 4119 2181
0 1 1066 8471 2620
0 1 1068 7618 1076
0 1 1068 7618 2607
0 1 1070 3000 2463
0 1 174 3473 2577
0 1 175 6567 1971
0 1 1071 7288 1357
0 1 176 8138 994
0 1 176 1773 271
0 1 1073 7534 2413
0 1 177 749 2076
0 1 1075 7528 2318
0 1 1076 7618 2607
0 1 179 355 1932
0 1 179 355 2607
0 1 179 7590 840
0 1 179 7590 2091
0 1 179 7590 663
0 1 179 4529 2402
0 1 179 6242 2021
0 1 179 2702 1977
0 1 179 2702 2405
0 1 179 2702 254
0 1 180 603 1932
0 1 180 3027 1866
0 1 180 3027 196
0 1 180 3027 1866
0 1 180 3027 2013
0 1 180 3027 2107
0 1 180 3027 2607
0 1 180 3027 540
0 1 180 3027 2251
0 1 1082 3268 2387
0 1 1082 3334 2439
0 1 1082 2838 2355
0 1 1082 6711 2328
0 1 1082 3727 2355
0 1 1082 3727 2410
0 1 1083 3616 2448
0 1 1084 3000 2463
0 1 1085 7846 1917
0 1 1085 7846 1917
0 1 181 4392 1892
0 1 181 4392 1892
0 1 1087 4926 2415
0 1 1089 4948 2498
0 1 182 7451 2729
0 1 1097 4769 2468
0 1 1097 4769 2469
0 1 186 1564 665
0 1 186 1564 264
0 1 186 6863 2128
0 1 186 6863 2159
0 1 187 2022 2403
0 1 3 6680 70
0 1 3 6680 70
0 1 4 6972 103
0 1 4 6972 1807
0 1 4 6972 103
0 1 4 6972 1807
0 1 4 6100 1901
0 1 4 6100 1901
0 1 4 4898 1873
0 1 4 4898 1911
0 1 4 4898 1873
0 1 4 4898 2070
0 1 4 4898 1911
0 1 4 4898 2188
0 1 4 1283 1807
0 1 4 1283 1807
0 1 4 5575 1873
0 1 4 5575 1873
0 1 4 1543 1879
0 1 4 1543 108
0 1 4 1543 2006
0 1 4 1543 2452
0 1 4 1543 1879
0 1 4 1543 108
0 1 4 1543 2142
0 1 4 1543 2271
0 1 4 5271 2686
0 1 188 4865 2114
0 1 1103 5726 276
0 1 1106 5869 2341
0 1 1107 8181 2432
0 1 1108 8417 1042
0 1 1108 7482 1042
0 1 1108 8928 1042
0 1 1108 7512 1042
0 1 1108 8334 1042
0 1 1109 7482 1042
0 1 1109 6182 1042
0 1 1109 8417 1042
0 1 1109 5139 1042
0 1 1109 1195 1042
0 1 1109 908 1042
0 1 1110 8171 1900
0 1 1110 8171 1900
0 1 1110 5070 2708
0 1 1110 5252 2708
0 1 1110 2270 2446
0 1 1111 5337 2402
0 1 1111 5337 2483
0 1 1112 2542 12
0 1 1112 2542 2284
0 1 1112 2542 12
0 1 1114 6198 2537
0 1 196 195 1854
0 1 196 195 1854
0 1 196 195 789
0 1 1119 4345 2434
0 1 1121 3923 2736
0 1 1122 6970 2463
0 1 1124 9121 2734
0 1 1125 5315 1063
0 1 202 7839 2002
0 1 1129 4674 2493
0 1 205 109 1977
0 1 1130 5815 2312
0 1 206 605 1259
0 1 211 2771 1027
0 1 1133 8139 2744
0 1 212 4884 1947
0 1 212 4884 1948
0 1 212 1866 147
0 1 212 1866 147
0 1 1136 6858 2442
0 1 1137 208 1033
0 1 1138 8472 2529
0 1 1139 7371 1134
0 1 1140 1272 2579
0 1 1144 143 2731
0 1 1146 1467 1076
0 1 1146 7126 2440
0 1 1146 7126 2592
0 1 216 7153 1960
0 1 216 8295 2745
0 1 217 4372 2075
0 1 6 2364 1894
0 1 6 2364 2012
0 1 6 2364 1894
0 1 6 6972 103
0 1 6 6972 4
0 1 6 6972 1807
0 1 6 6972 103
0 1 6 6972 4
0 1 6 6972 1807
0 1 6 8352 1884
0 1 6 8352 1884
0 1 6 6466 2012
0 1 6 5349 4
0 1 6 5349 4
0 1 6 3643 2680
0 1 6 5740 1873
0 1 6 5740 1873
0 1 6 4854 2070
0 1 221 758 2332
0 1 1149 4341 2128
0 1 1149 8415 1279
0 1 224 409 2797
0 1 226 5987 1932
0 1 7 1463 154
0 1 7 1463 271
0 1 1154 1817 2379
0 1 1157 8017 2371
0 1 1159 5820 2543
0 1 1161 6536 1867
0 1 1161 6536 1867
0 1 1162 2 2432
0 1 233 5848 1805
0 1 233 5848 83
0 1 233 5848 321
0 1 233 5848 271
0 1 233 5848 223
0 1 233 5848 1805
0 1 233 5848 2026
0 1 233 5848 322
0 1 233 5848 531
0 1 233 5848 2098
0 1 233 5848 528
0 1 233 5848 83
0 1 233 5848 2257
0 1 233 3854 789
0 1 233 3854 2035
0 1 233 3854 2224
0 1 233 3801 789
0 1 233 4842 14
0 1 233 4842 25
0 1 233 4842 14
0 1 233 4842 344
0 1 233 4842 326
0 1 233 4842 789
0 1 233 4842 840
0 1 233 4842 843
0 1 233 4842 25
0 1 233 9031 89
0 1 233 9031 89
0 1 233 9031 1998
0 1 233 9031 789
0 1 233 9031 2035
0 1 233 9031 2224
0 1 233 9031 2281
0 1 233 2893 2035
0 1 233 4987 154
0 1 233 4987 2030
0 1 1163 5700 2541
0 1 8 8081 2292
0 1 8 65 25
0 1 8 65 326
0 1 8 65 25
0 1 9 4028 2567
0 1 9 3325 110
0 1 9 3325 110
0 1 9 823 1880
0 1 9 823 1880
0 1 10 2356 2159
0 1 10 6204 2241
0 1 10 7701 264
0 1 11 5104 1876
0 1 11 5104 1900
0 1 11 5104 1876
0 1 11 5104 2070
0 1 11 5104 1900
0 1 11 4666 1893
0 1 11 4666 1893
0 1 11 1684 1871
0 1 11 1684 1871
0 1 11 1206 2115
0 1 11 1206 2251
0 1 11 9004 1900
0 1 11 9004 1900
0 1 239 7346 1876
0 1 239 7346 1876
0 1 1169 1556 1982
0 1 1170 690 2362
0 1 1172 7089 2599
0 1 1176 647 2399
0 1 242 4748 885
0 1 243 1907 1887
0 1 243 1907 1964
0 1 243 1907 1887
0 1 243 1907 2104
0 1 243 7082 1977
0 1 243 7082 276
0 1 1178 1430 1982
0 1 1178 3596 1052
0 1 244 5971 1932
0 1 244 4965 252
0 1 244 8606 1942
0 1 244 8606 840
0 1 245 7747 1929
0 1 245 7747 1929
0 1 14 5848 1805
0 1 14 5848 83
0 1 14 5848 233
0 1 14 5848 321
0 1 14 5848 271
0 1 14 5848 223
0 1 14 5848 1805
0 1 14 5848 2026
0 1 14 5848 322
0 1 14 5848 531
0 1 14 5848 2098
0 1 14 5848 528
0 1 14 5848 83
0 1 14 5848 2257
0 1 1180 7607 2533
0 1 246 3601 71
0 1 246 3601 1972
0 1 246 3601 71
0 1 246 2526 1964
0 1 246 2526 531
0 1 246 2526 2152
0 1 246 8432 1002
0 1 246 6137 1972
0 1 246 653 2767
0 1 1183 871 1674
0 1 1184 463 2607
0 1 1185 4322 2426
0 1 252 6297 2008
0 1 252 6297 2026
0 1 252 6297 2107
0 1 252 6762 2775
0 1 252 6762 16
0 1 252 6762 843
0 1 252 6762 16
0 1 252 6979 101
0 1 252 6979 101
0 1 252 6979 297
0 1 252 7590 840
0 1 252 7590 2091
0 1 252 7590 663
0 1 252 4600 452
0 1 16 3677 1860
0 1 16 3677 1860
0 1 16 3677 540
0 1 16 6458 25
0 1 16 6458 83
0 1 16 6458 25
0 1 16 6458 531
0 1 16 6458 83
0 1 16 7400 25
0 1 16 7400 25
0 1 16 6762 2775
0 1 16 6762 252
0 1 16 6762 843
0 1 16 4236 1871
0 1 16 4236 1871
0 1 16 5503 1852
0 1 16 5503 1860
0 1 16 5503 101
0 1 16 5503 25
0 1 16 5503 147
0 1 16 5503 1852
0 1 16 5503 1860
0 1 16 5503 1964
0 1 16 5503 101
0 1 16 5503 25
0 1 16 5503 147
0 1 16 4666 1893
0 1 16 4666 1893
0 1 17 760 1899
0 1 17 760 1899
0 1 17 366 1889
0 1 17 366 1889
0 1 17 366 528
0 1 1187 1991 2730
0 1 254 1402 56
0 1 254 1402 1908
0 1 254 1402 56
0 1 254 1402 1908
0 1 256 4859 1862
0 1 256 4859 1862
0 1 256 4859 326
0 1 256 4859 2607
0 1 259 6210 2075
0 1 259 6022 2011
0 1 261 6597 2399
0 1 1192 7183 2424
0 1 1192 2929 1779
0 1 19 7013 1854
0 1 19 7013 1854
0 1 19 4859 1862
0 1 19 4859 1862
0 1 19 4859 326
0 1 19 4859 256
0 1 19 4859 2607
0 1 19 1489 1866
0 1 19 1489 1917
0 1 19 1489 1866
0 1 19 1489 793
0 1 19 1489 452
0 1 19 1489 1917
0 1 19 1907 1887
0 1 19 1907 1964
0 1 19 1907 1887
0 1 19 1907 2104
0 1 19 2526 1964
0 1 19 2526 531
0 1 19 2526 2152
0 1 19 7470 2413
0 1 19 7470 2607
0 1 264 1564 665
0 1 264 1180 2114
0 1 264 7002 665
0 1 265 1117 254
0 1 23 7694 2487
0 1 23 7308 2111
0 1 24 180 2415
0 1 24 8432 1002
0 1 24 1411 1027
0 1 270 8828 147
0 1 270 8828 147
0 1 270 5870 2607
0 1 271 8007 531
0 1 271 4762 540
0 1 1208 8022 833
0 1 276 5842 99
0 1 276 5842 99
0 1 276 5842 994
0 1 1215 622 2374
0 1 1216 4769 2468
0 1 1216 4769 2469
0 1 277 829 514
0 1 278 4785 2770
0 1 280 8767 80
0 1 280 2308 2449
0 1 1222 1748 2400
0 1 1222 8502 2607
0 1 1222 8502 2757
0 1 1222 1528 2371
0 1 1222 3638 1179
0 1 1222 516 2607
0 1 285 4358 1983
0 1 1227 7981 1075
0 1 25 1948 56
0 1 25 1948 56
0 1 25 2379 35
0 1 25 2379 35
0 1 25 2138 1931
0 1 25 2138 2098
0 1 25 2977 1893
0 1 25 2977 1917
0 1 25 2977 71
0 1 25 2977 252
0 1 25 2977 330
0 1 25 2977 321
0 1 25 2977 223
0 1 25 2977 843
0 1 25 2977 2026
0 1 25 2977 531
0 1 25 2977 1893
0 1 25 2977 528
0 1 25 2977 1917
0 1 25 2977 71
0 1 25 65 326
0 1 25 2720 737
0 1 292 7356 452
0 1 292 1204 2203
0 1 292 3706 2203
0 1 26 1206 2115
0 1 26 1206 2251
0 1 26 3677 1860
0 1 26 3677 16
0 1 26 3677 1860
0 1 26 3677 540
0 1 26 3677 16
0 1 1231 8128 2398
0 1 1231 5037 2376
0 1 296 4062 2077
0 1 296 776 1805
0 1 296 776 1805
0 1 296 4117 1715
0 1 298 7111 1977
0 1 27 6366 1890
0 1 27 6366 1890
0 1 28 6009 1899
0 1 28 6009 1899
0 1 28 4325 2773
0 1 28 4235 17
0 1 28 4235 17
0 1 28 1819 1878
0 1 28 1819 1878
0 1 28 1819 2686
0 1 28 485 1873
0 1 28 485 1899
0 1 28 485 1873
0 1 28 485 1899
0 1 28 2007 1873
0 1 28 2007 1807
0 1 28 2007 1873
0 1 28 2007 2006
0 1 28 2007 1807
0 1 28 4921 108
0 1 28 4921 126
0 1 28 4921 108
0 1 28 4921 126
0 1 28 7222 2006
0 1 29 6464 1964
0 1 29 6464 478
0 1 29 6464 741
0 1 299 1935 1255
0 1 299 1970 1855
0 1 299 1970 1889
0 1 299 1970 1855
0 1 299 1970 1889
0 1 299 1244 12
0 1 299 1244 80
0 1 299 1244 12
0 1 299 1244 2105
0 1 299 1244 663
0 1 299 4842 14
0 1 299 4842 25
0 1 299 4842 14
0 1 299 4842 233
0 1 299 4842 344
0 1 299 4842 326
0 1 299 4842 789
0 1 299 4842 840
0 1 299 4842 843
0 1 299 4842 25
0 1 299 6124 1864
0 1 299 6124 233
0 1 299 6124 1864
0 1 299 4154 14
0 1 299 4154 25
0 1 299 4154 1856
0 1 299 4154 14
0 1 299 4154 326
0 1 299 4154 2011
0 1 299 4154 25
0 1 299 4154 531
0 1 299 4154 464
0 1 299 4154 1856
0 1 1236 4608 1873
0 1 1236 4608 1873
0 1 1236 4857 2037
0 1 1236 8946 108
0 1 1236 8946 1807
0 1 1236 8946 108
0 1 1236 8946 1807
0 1 1236 3819 2452
0 1 300 2370 1009
0 1 1240 2037 1339
0 1 1240 318 2457
0 1 1240 4629 2232
0 1 1240 4254 1339
0 1 31 6616 260
0 1 1245 7046 1189
0 1 33 5848 1805
0 1 33 5848 83
0 1 33 5848 233
0 1 33 5848 321
0 1 33 5848 271
0 1 33 5848 223
0 1 33 5848 1805
0 1 33 5848 2026
0 1 33 5848 322
0 1 33 5848 531
0 1 33 5848 2098
0 1 33 5848 528
0 1 33 5848 83
0 1 33 5848 2257
0 1 33 2274 452
0 1 33 4842 14
0 1 33 4842 25
0 1 33 4842 14
0 1 33 4842 233
0 1 33 4842 344
0 1 33 4842 326
0 1 33 4842 789
0 1 33 4842 840
0 1 33 4842 843
0 1 33 4842 25
0 1 33 4666 1893
0 1 33 4666 1893
0 1 33 4031 1893
0 1 33 4031 344
0 1 33 4031 223
0 1 33 4031 322
0 1 33 4031 531
0 1 33 4031 1893
0 1 33 4031 528
0 1 309 4325 2773
0 1 309 7003 108
0 1 309 7003 1907
0 1 309 7003 2419
0 1 309 7003 2006
0 1 309 7003 108
0 1 309 7003 2070
0 1 309 7003 1907
0 1 312 8608 2006
0 1 312 5882 2006
0 1 314 8858 2055
0 1 314 1640 2321
0 1 317 4865 2114
0 1 317 2356 10
0 1 317 2356 2159
0 1 317 6081 665
0 1 317 8074 2059
0 1 317 3466 327
0 1 319 2007 1873
0 1 319 2007 1807
0 1 319 2007 1873
0 1 319 2007 2006
0 1 319 2007 1807
0 1 321 5848 1805
0 1 321 5848 83
0 1 321 5848 233
0 1 321 5848 271
0 1 321 5848 223
0 1 321 5848 1805
0 1 321 5848 2026
0 1 321 5848 322
0 1 321 5848 531
0 1 321 5848 2098
0 1 321 5848 528
0 1 321 5848 83
0 1 321 5848 2257
0 1 321 2977 25
0 1 321 2977 1893
0 1 321 2977 1917
0 1 321 2977 71
0 1 321 2977 252
0 1 321 2977 330
0 1 321 2977 223
0 1 321 2977 843
0 1 321 2977 2026
0 1 321 2977 25
0 1 321 2977 531
0 1 321 2977 1893
0 1 321 2977 528
0 1 321 2977 1917
0 1 321 2977 71
0 1 321 6520 1888
0 1 321 6520 326
0 1 321 6520 1888
0 1 34 4200 191
0 1 34 7662 843
0 1 34 7662 464
0 1 34 2977 25
0 1 34 2977 1893
0 1 34 2977 1917
0 1 34 2977 71
0 1 34 2977 252
0 1 34 2977 330
0 1 34 2977 321
0 1 34 2977 223
0 1 34 2977 843
0 1 34 2977 2026
0 1 34 2977 25
0 1 34 2977 531
0 1 34 2977 1893
0 1 34 2977 528
0 1 34 2977 1917
0 1 34 2977 71
0 1 34 5068 1964
0 1 34 5068 740
0 1 34 2706 699
0 1 35 1207 1917
0 1 35 1207 1917
0 1 35 6957 1857
0 1 35 6957 99
0 1 35 6957 1857
0 1 35 6957 99
0 1 35 4859 1862
0 1 35 4859 1862
0 1 35 4859 326
0 1 35 4859 256
0 1 35 4859 2607
0 1 35 2379 25
0 1 35 2379 25
0 1 322 5848 1805
0 1 322 5848 83
0 1 322 5848 233
0 1 322 5848 321
0 1 322 5848 271
0 1 322 5848 223
0 1 322 5848 1805
0 1 322 5848 2026
0 1 322 5848 531
0 1 322 5848 2098
0 1 322 5848 528
0 1 322 5848 83
0 1 322 5848 2257
0 1 322 2465 60
0 1 322 2465 2797
0 1 322 2465 60
0 1 322 2465 2152
0 1 322 2407 2033
0 1 322 4031 1893
0 1 322 4031 344
0 1 322 4031 223
0 1 322 4031 531
0 1 322 4031 1893
0 1 322 4031 528
0 1 322 2509 540
0 1 37 3876 1931
0 1 37 3876 2436
0 1 37 3876 2567
0 1 1257 7362 2610
0 1 1257 6476 1636
0 1 1257 5463 2153
0 1 1257 5294 2153
0 1 1258 6785 2550
0 1 1258 6160 2086
0 1 1259 2459 189
0 1 1259 8059 2008
0 1 1259 8059 2761
0 1 326 2301 322
0 1 326 6437 1917
0 1 326 6437 1917
0 1 326 4842 14
0 1 326 4842 25
0 1 326 4842 14
0 1 326 4842 233
0 1 326 4842 344
0 1 326 4842 789
0 1 326 4842 840
0 1 326 4842 843
0 1 326 4842 25
0 1 326 65 25
0 1 326 65 25
0 1 326 4031 1893
0 1 326 4031 344
0 1 326 4031 223
0 1 326 4031 322
0 1 326 4031 531
0 1 326 4031 1893
0 1 326 4031 528
0 1 326 4154 14
0 1 326 4154 25
0 1 326 4154 1856
0 1 326 4154 14
0 1 326 4154 2011
0 1 326 4154 25
0 1 326 4154 531
0 1 326 4154 464
0 1 326 4154 299
0 1 326 4154 1856
0 1 327 3242 2001
0 1 330 8135 437
0 1 330 7390 437
0 1 330 7172 721
0 1 330 2977 25
0 1 330 2977 1893
0 1 330 2977 1917
0 1 330 2977 71
0 1 330 2977 252
0 1 330 2977 321
0 1 330 2977 223
0 1 330 2977 843
0 1 330 2977 2026
0 1 330 2977 25
0 1 330 2977 531
0 1 330 2977 1893
0 1 330 2977 528
0 1 330 2977 1917
0 1 330 2977 71
0 1 332 7983 2452
0 1 332 3683 108
0 1 332 3683 1913
0 1 332 3683 108
0 1 332 3683 1913
0 1 41 7003 108
0 1 41 7003 1907
0 1 41 7003 2419
0 1 41 7003 2006
0 1 41 7003 108
0 1 41 7003 2070
0 1 41 7003 1907
0 1 1269 5022 2348
0 1 1269 5022 2367
0 1 338 3176 358
0 1 338 3129 358
0 1 1279 5312 2270
0 1 341 9008 2735
0 1 344 7741 2203
0 1 344 4842 14
0 1 344 4842 25
0 1 344 4842 14
0 1 344 4842 233
0 1 344 4842 326
0 1 344 4842 789
0 1 344 4842 840
0 1 344 4842 843
0 1 344 4842 25
0 1 344 1463 7
0 1 344 1463 154
0 1 344 1463 271
0 1 344 1463 7
0 1 344 4031 1893
0 1 344 4031 223
0 1 344 4031 322
0 1 344 4031 531
0 1 344 4031 1893
0 1 344 4031 528
0 1 344 6905 1860
0 1 344 6905 1866
0 1 344 6905 1931
0 1 344 6905 1860
0 1 344 6905 1866
0 1 344 6905 2026
0 1 344 6905 528
0 1 344 6266 699
0 1 1283 7571 2488
0 1 1283 1474 1577
0 1 1284 5141 1658
0 1 1284 5745 1285
0 1 1284 5745 2229
0 1 1285 471 1659
0 1 1285 1493 2217
0 1 1285 6386 2147
0 1 1285 1448 2082
0 1 1285 3805 2739
0 1 1285 6707 1284
0 1 1285 5539 1265
0 1 346 2438 1895
0 1 346 2438 1895
0 1 346 1317 865
0 1 1289 5469 2365
0 1 1289 5469 2547
0 1 352 1483 335
0 1 1291 8394 2178
0 1 1291 7401 2043
0 1 354 2373 2151
0 1 360 7363 2497
0 1 360 5237 2497
0 1 360 5237 1390
0 1 360 3424 2497
0 1 363 8345 233
0 1 364 2873 1479
0 1 1296 8835 2324
0 1 1296 8835 2628
0 1 370 524 1978
0 1 45 4587 2723
0 1 45 3065 2059
0 1 45 1564 665
0 1 45 1564 264
0 1 1300 2749 1134
0 1 374 6245 2047
0 1 1301 3830 1591
0 1 1301 3749 1285
0 1 376 2633 2135
0 1 377 7101 2278
0 1 377 2779 17
0 1 377 2779 17
0 1 377 7172 721
0 1 1302 3355 1316
0 1 1282 6678 1284
0 1 1282 5141 1658
0 1 1282 3587 1284
0 1 1303 6385 1922
0 1 1303 6385 1922
0 1 1303 7475 2494
0 1 386 120 1897
0 1 386 120 1897
0 1 386 120 2258
0 1 386 7830 2258
0 1 386 1215 2258
0 1 386 924 1897
0 1 386 924 1897
0 1 386 2620 1897
0 1 386 2620 1897
0 1 386 5239 2258
0 1 1305 4796 1956
0 1 46 1819 1878
0 1 46 1819 1878
0 1 46 1819 2686
0 1 46 760 17
0 1 46 760 1899
0 1 46 760 17
0 1 46 760 1899
0 1 391 3601 71
0 1 391 3601 1972
0 1 391 3601 71
0 1 391 8025 252
0 1 391 3027 1866
0 1 391 3027 196
0 1 391 3027 1866
0 1 391 3027 2013
0 1 391 3027 2107
0 1 391 3027 2607
0 1 391 3027 540
0 1 391 3027 2251
0 1 391 3799 540
0 1 391 6268 83
0 1 391 6268 1856
0 1 391 6268 1947
0 1 391 6268 83
0 1 391 6268 540
0 1 391 6268 1856
0 1 1308 4049 2711
0 1 47 8445 840
0 1 47 8445 2251
0 1 47 2301 322
0 1 47 5848 1805
0 1 47 5848 83
0 1 47 5848 233
0 1 47 5848 321
0 1 47 5848 271
0 1 47 5848 223
0 1 47 5848 1805
0 1 47 5848 2026
0 1 47 5848 322
0 1 47 5848 531
0 1 47 5848 2098
0 1 47 5848 528
0 1 47 5848 83
0 1 47 5848 2257
0 1 47 4154 14
0 1 47 4154 25
0 1 47 4154 1856
0 1 47 4154 14
0 1 47 4154 326
0 1 47 4154 2011
0 1 47 4154 25
0 1 47 4154 531
0 1 47 4154 464
0 1 47 4154 299
0 1 47 4154 1856
0 1 1313 9075 2452
0 1 1313 4898 1873
0 1 1313 4898 4
0 1 1313 4898 1911
0 1 1313 4898 1873
0 1 1313 4898 4
0 1 1313 4898 2070
0 1 1313 4898 1911
0 1 1313 4898 2188
0 1 342 8053 2334
0 1 400 6466 2012
0 1 400 5223 1899
0 1 400 5223 1913
0 1 400 5223 1899
0 1 400 5223 1913
0 1 1315 4058 1279
0 1 49 6356 60
0 1 49 6356 60
0 1 49 4444 71
0 1 49 4444 71
0 1 49 4444 2723
0 1 49 154 60
0 1 49 154 60
0 1 49 7201 2797
0 1 49 7201 2406
0 1 49 7201 290
0 1 49 1878 60
0 1 49 1878 60
0 1 402 4445 2151
0 1 402 8908 2673
0 1 36 3325 110
0 1 36 3325 110
0 1 36 4327 2530
0 1 36 6285 1805
0 1 36 6285 115
0 1 36 6285 1805
0 1 36 6285 115
0 1 36 6798 1155
0 1 36 6298 1862
0 1 36 6298 1862
0 1 1318 9089 2467
0 1 1318 864 1867
0 1 1318 864 1867
0 1 404 291 271
0 1 410 8900 2130
0 1 412 2526 1964
0 1 412 2526 531
0 1 412 2526 2152
0 1 412 6905 1860
0 1 412 6905 1866
0 1 412 6905 1931
0 1 412 6905 1860
0 1 412 6905 1866
0 1 412 6905 2026
0 1 412 6905 528
0 1 1320 5608 1019
0 1 413 6464 1964
0 1 413 6464 478
0 1 413 6464 741
0 1 413 7206 201
0 1 1321 4053 2715
0 1 414 4506 2113
0 1 415 93 2018
0 1 416 7791 1959
0 1 416 7791 741
0 1 1323 3222 2002
0 1 1326 7592 2773
0 1 1326 9082 1871
0 1 1326 9082 1871
0 1 1326 4325 2773
0 1 1330 8069 2691
0 1 1330 7600 1581
0 1 430 8103 1664
0 1 50 3399 1913
0 1 50 3399 1913
0 1 1335 2542 12
0 1 1335 2542 2284
0 1 1335 2542 12
0 1 272 5084 2146
0 1 1338 3122 2603
0 1 1341 7422 2598
0 1 1341 5091 1890
0 1 1341 5091 1890
0 1 441 8370 2733
0 1 1342 7307 2490
0 1 1343 566 2459
0 1 1343 7795 2315
0 1 445 910 2503
0 1 446 8353 2311
0 1 446 8353 1242
0 1 448 7620 1958
0 1 448 7620 2705
0 1 1347 6856 1886
0 1 1347 6856 1886
0 1 1347 5012 1875
0 1 1347 5012 1875
0 1 1347 5012 2086
0 1 1347 5463 2153
0 1 1347 1139 2587
0 1 1348 8627 1390
0 1 452 1489 1866
0 1 452 1489 1917
0 1 452 1489 1866
0 1 452 1489 793
0 1 452 1489 1917
0 1 452 7440 980
0 1 452 4600 252
0 1 1352 4824 2029
0 1 1352 4824 2489
0 1 1353 5854 1962
0 1 1356 3212 2053
0 1 52 5432 2797
0 1 52 809 70
0 1 52 809 70
0 1 52 5114 1852
0 1 52 5114 83
0 1 52 5114 1852
0 1 52 5114 83
0 1 53 4130 2658
0 1 54 520 2457
0 1 1358 2047 2700
0 1 464 7662 843
0 1 55 2364 1894
0 1 55 2364 2012
0 1 55 2364 1894
0 1 1361 448 2295
0 1 468 3283 2311
0 1 468 4609 1242
0 1 468 8353 2311
0 1 468 8353 1242
0 1 469 6298 1862
0 1 469 6298 1862
0 1 56 5848 1805
0 1 56 5848 83
0 1 56 5848 233
0 1 56 5848 321
0 1 56 5848 271
0 1 56 5848 223
0 1 56 5848 1805
0 1 56 5848 2026
0 1 56 5848 322
0 1 56 5848 531
0 1 56 5848 2098
0 1 56 5848 528
0 1 56 5848 83
0 1 56 5848 2257
0 1 56 4842 14
0 1 56 4842 25
0 1 56 4842 14
0 1 56 4842 233
0 1 56 4842 344
0 1 56 4842 326
0 1 56 4842 789
0 1 56 4842 840
0 1 56 4842 843
0 1 56 4842 25
0 1 56 4154 14
0 1 56 4154 25
0 1 56 4154 1856
0 1 56 4154 14
0 1 56 4154 326
0 1 56 4154 2011
0 1 56 4154 25
0 1 56 4154 531
0 1 56 4154 464
0 1 56 4154 299
0 1 56 4154 1856
0 1 56 1402 1908
0 1 56 1402 254
0 1 56 1402 1908
0 1 473 5002 439
0 1 474 4502 1316
0 1 1365 2209 2103
0 1 1365 1910 2709
0 1 57 8749 108
0 1 57 8749 108
0 1 58 776 1805
0 1 58 776 1805
0 1 59 6713 1925
0 1 59 6713 1925
0 1 60 7201 2797
0 1 60 7201 2406
0 1 60 7201 290
0 1 60 8707 552
0 1 60 409 2797
0 1 60 8433 290
0 1 60 4444 71
0 1 60 4444 71
0 1 60 4444 2723
0 1 60 1234 186
0 1 60 2465 2797
0 1 60 2465 322
0 1 60 2465 2152
0 1 1371 2213 1062
0 1 1371 2213 2651
0 1 1372 8958 2183
0 1 1373 440 1870
0 1 1373 440 1870
0 1 1375 7656 2421
0 1 487 7869 877
0 1 487 6032 877
0 1 487 2179 877
0 1 1376 6622 2330
0 1 61 6972 103
0 1 61 6972 4
0 1 61 6972 1807
0 1 61 6972 103
0 1 61 6972 4
0 1 61 6972 1807
0 1 61 9075 2452
0 1 61 8957 1877
0 1 61 8957 1879
0 1 61 8957 1877
0 1 61 8957 1879
0 1 61 7003 108
0 1 61 7003 1907
0 1 61 7003 2419
0 1 61 7003 2006
0 1 61 7003 108
0 1 61 7003 2070
0 1 61 7003 1907
0 1 61 833 1871
0 1 61 833 1871
0 1 61 7735 1879
0 1 61 7735 1879
0 1 61 7735 2686
0 1 61 6190 1807
0 1 61 6190 2070
0 1 61 6190 1807
0 1 489 8966 749
0 1 494 9009 2248
0 1 494 6019 2158
0 1 494 6019 2248
0 1 494 6011 2248
0 1 494 3883 2248
0 1 62 6680 70
0 1 62 6680 70
0 1 62 6550 1871
0 1 62 6550 1871
0 1 63 4898 1873
0 1 63 4898 4
0 1 63 4898 1911
0 1 63 4898 1873
0 1 63 4898 4
0 1 63 4898 2070
0 1 63 4898 1911
0 1 63 4898 2188
0 1 63 7804 1916
0 1 63 7804 1916
0 1 499 6103 867
0 1 499 6103 2158
0 1 503 7590 840
0 1 503 7590 2091
0 1 503 7590 663
0 1 504 1907 1887
0 1 504 1907 1964
0 1 504 1907 1887
0 1 504 1907 2104
0 1 504 324 1887
0 1 504 324 1887
0 1 504 324 540
0 1 504 2603 12
0 1 504 2603 1887
0 1 504 2603 12
0 1 504 2603 1887
0 1 1380 1690 2379
0 1 505 4707 2159
0 1 505 6663 1210
0 1 65 6972 103
0 1 65 6972 4
0 1 65 6972 1807
0 1 65 6972 103
0 1 65 6972 4
0 1 65 6972 1807
0 1 65 2007 1873
0 1 65 2007 1807
0 1 65 2007 1873
0 1 65 2007 2006
0 1 65 2007 1807
0 1 66 2885 835
0 1 1383 3461 2542
0 1 510 2840 722
0 1 511 5938 806
0 1 1384 7601 2445
0 1 1384 68 1928
0 1 1384 68 1928
0 1 1384 4499 452
0 1 1384 920 1068
0 1 1384 5037 2376
0 1 67 6179 275
0 1 517 603 1932
0 1 1390 2606 2497
0 1 1390 5237 2497
0 1 1390 5237 360
0 1 1391 5951 2726
0 1 1392 868 2129
0 1 1393 8518 2042
0 1 524 1438 2519
0 1 69 1201 2006
0 1 69 4903 2419
0 1 69 950 108
0 1 69 950 1807
0 1 69 950 1923
0 1 69 950 108
0 1 69 950 1807
0 1 69 950 1923
0 1 1396 2919 2232
0 1 1396 5978 1670
0 1 528 366 1889
0 1 528 366 1889
0 1 528 6208 1860
0 1 528 6208 1860
0 1 528 6905 1860
0 1 528 6905 1866
0 1 528 6905 1931
0 1 528 6905 1860
0 1 528 6905 1866
0 1 528 6905 2026
0 1 528 8234 16
0 1 528 8234 16
0 1 528 8087 1893
0 1 528 8087 1893
0 1 528 8087 540
0 1 528 5848 1805
0 1 528 5848 83
0 1 528 5848 233
0 1 528 5848 321
0 1 528 5848 271
0 1 528 5848 223
0 1 528 5848 1805
0 1 528 5848 2026
0 1 528 5848 322
0 1 528 5848 531
0 1 528 5848 2098
0 1 528 5848 83
0 1 528 5848 2257
0 1 1402 2613 260
0 1 1402 811 2466
0 1 1403 4610 2455
0 1 71 585 1458
0 1 71 4444 2723
0 1 72 2170 99
0 1 72 2170 154
0 1 72 2170 99
0 1 72 1038 1805
0 1 72 1038 1805
0 1 72 4031 1893
0 1 72 4031 344
0 1 72 4031 223
0 1 72 4031 322
0 1 72 4031 531
0 1 72 4031 1893
0 1 72 4031 528
0 1 529 4058 1279
0 1 538 4358 1983
0 1 539 4031 1893
0 1 539 4031 344
0 1 539 4031 223
0 1 539 4031 322
0 1 539 4031 531
0 1 539 4031 1893
0 1 539 4031 528
0 1 539 5848 1805
0 1 539 5848 83
0 1 539 5848 233
0 1 539 5848 321
0 1 539 5848 271
0 1 539 5848 223
0 1 539 5848 1805
0 1 539 5848 2026
0 1 539 5848 322
0 1 539 5848 531
0 1 539 5848 2098
0 1 539 5848 528
0 1 539 5848 83
0 1 539 5848 2257
0 1 539 2977 25
0 1 539 2977 1893
0 1 539 2977 1917
0 1 539 2977 71
0 1 539 2977 252
0 1 539 2977 330
0 1 539 2977 321
0 1 539 2977 223
0 1 539 2977 843
0 1 539 2977 2026
0 1 539 2977 25
0 1 539 2977 531
0 1 539 2977 1893
0 1 539 2977 528
0 1 539 2977 1917
0 1 539 2977 71
0 1 539 35 2092
0 1 539 35 540
0 1 539 3601 71
0 1 539 3601 1972
0 1 539 3601 71
0 1 539 4842 14
0 1 539 4842 25
0 1 539 4842 14
0 1 539 4842 233
0 1 539 4842 344
0 1 539 4842 326
0 1 539 4842 789
0 1 539 4842 840
0 1 539 4842 843
0 1 539 4842 25
0 1 539 5503 1852
0 1 539 5503 1860
0 1 539 5503 101
0 1 539 5503 25
0 1 539 5503 16
0 1 539 5503 147
0 1 539 5503 1852
0 1 539 5503 1860
0 1 539 5503 1964
0 1 539 5503 101
0 1 539 5503 25
0 1 539 5503 16
0 1 539 5503 147
0 1 539 3801 233
0 1 539 3801 789
0 1 539 4859 1862
0 1 539 4859 1862
0 1 539 4859 326
0 1 539 4859 256
0 1 539 4859 2607
0 1 540 4762 271
0 1 540 7846 1917
0 1 540 7846 1917
0 1 540 3677 1860
0 1 540 3677 16
0 1 540 3677 1860
0 1 540 3677 16
0 1 540 4666 1893
0 1 540 4666 1893
0 1 540 1935 1255
0 1 540 1935 299
0 1 540 3895 320
0 1 540 2286 271
0 1 540 2286 2551
0 1 543 35 2092
0 1 543 35 540
0 1 1411 5319 2326
0 1 74 1206 2115
0 1 74 1206 2251
0 1 74 5503 1852
0 1 74 5503 1860
0 1 74 5503 101
0 1 74 5503 25
0 1 74 5503 16
0 1 74 5503 147
0 1 74 5503 1852
0 1 74 5503 1860
0 1 74 5503 1964
0 1 74 5503 101
0 1 74 5503 25
0 1 74 5503 16
0 1 74 5503 147
0 1 1416 9083 2036
0 1 1416 8174 1988
0 1 546 828 1462
0 1 1420 115 2543
0 1 553 395 1429
0 1 554 6325 1872
0 1 554 6325 1872
0 1 554 558 1872
0 1 554 558 1872
0 1 554 558 2723
0 1 1425 908 1042
0 1 1425 8417 1042
0 1 1425 7212 1042
0 1 1429 49 2617
0 1 1429 4309 1573
0 1 1429 5044 1988
0 1 1429 654 1883
0 1 1429 654 1883
0 1 559 5561 343
0 1 559 6327 343
0 1 1434 5193 1063
0 1 1434 2119 2737
0 1 1435 5112 1147
0 1 562 736 2314
0 1 565 4783 1063
0 1 567 899 2039
0 1 567 899 901
0 1 567 8482 2039
0 1 567 8482 901
0 1 567 1027 2039
0 1 567 1027 901
0 1 567 1159 2039
0 1 567 1159 901
0 1 567 1159 371
0 1 570 2470 200
0 1 77 7830 386
0 1 77 7830 2258
0 1 574 7586 60
0 1 574 7586 60
0 1 574 8707 60
0 1 574 8707 60
0 1 574 8707 552
0 1 1440 3489 1686
0 1 1443 3817 2679
0 1 583 7219 817
0 1 586 8240 2373
0 1 586 8811 543
0 1 1447 3990 2308
0 1 1447 1430 1982
0 1 589 8455 320
0 1 589 4372 2075
0 1 589 4372 217
0 1 1448 5469 2365
0 1 1448 5469 2547
0 1 590 8984 2783
0 1 1450 1172 290
0 1 1450 3440 1011
0 1 591 1311 2607
0 1 591 603 1932
0 1 82 5503 1852
0 1 82 5503 1860
0 1 82 5503 101
0 1 82 5503 25
0 1 82 5503 16
0 1 82 5503 147
0 1 82 5503 1852
0 1 82 5503 1860
0 1 82 5503 1964
0 1 82 5503 101
0 1 82 5503 25
0 1 82 5503 16
0 1 82 5503 147
0 1 82 3841 1873
0 1 82 3841 108
0 1 82 3841 1807
0 1 82 3841 1899
0 1 82 3841 1873
0 1 82 3841 108
0 1 82 3841 1807
0 1 82 3841 1899
0 1 82 9075 2452
0 1 83 5114 1852
0 1 83 5114 1852
0 1 83 6458 25
0 1 83 6458 25
0 1 83 6458 531
0 1 83 6268 1856
0 1 83 6268 1947
0 1 83 6268 540
0 1 83 6268 1856
0 1 83 6668 1974
0 1 83 6668 663
0 1 83 5848 1805
0 1 83 5848 233
0 1 83 5848 321
0 1 83 5848 271
0 1 83 5848 223
0 1 83 5848 1805
0 1 83 5848 2026
0 1 83 5848 322
0 1 83 5848 531
0 1 83 5848 2098
0 1 83 5848 528
0 1 83 5848 2257
0 1 594 3315 1429
0 1 598 7679 663
0 1 598 7590 840
0 1 598 7590 2091
0 1 598 7590 663
0 1 598 195 1854
0 1 598 195 1854
0 1 598 195 196
0 1 598 195 789
0 1 598 451 1862
0 1 598 451 1862
0 1 598 451 595
0 1 598 451 2607
0 1 598 4358 1983
0 1 598 4884 1947
0 1 598 4884 1948
0 1 599 3851 79
0 1 599 3851 79
0 1 599 7161 2080
0 1 599 5804 1007
0 1 599 5804 663
0 1 347 791 2212
0 1 607 5015 2123
0 1 608 1853 2073
0 1 612 825 2710
0 1 1457 2623 1870
0 1 1457 2623 1870
0 1 621 8246 2610
0 1 621 2895 885
0 1 621 4233 2550
0 1 621 1459 2777
0 1 621 1459 2086
0 1 592 6685 2072
0 1 625 2977 25
0 1 625 2977 1893
0 1 625 2977 1917
0 1 625 2977 71
0 1 625 2977 252
0 1 625 2977 330
0 1 625 2977 321
0 1 625 2977 223
0 1 625 2977 843
0 1 625 2977 2026
0 1 625 2977 25
0 1 625 2977 531
0 1 625 2977 1893
0 1 625 2977 528
0 1 625 2977 1917
0 1 625 2977 71
0 1 625 3601 71
0 1 625 3601 1972
0 1 625 3601 71
0 1 625 5503 1852
0 1 625 5503 1860
0 1 625 5503 101
0 1 625 5503 25
0 1 625 5503 16
0 1 625 5503 147
0 1 625 5503 1852
0 1 625 5503 1860
0 1 625 5503 1964
0 1 625 5503 101
0 1 625 5503 25
0 1 625 5503 16
0 1 625 5503 147
0 1 625 35 2092
0 1 625 35 540
0 1 625 4666 1893
0 1 625 4666 1893
0 1 1461 1986 2641
0 1 85 10 2641
0 1 1466 1717 1600
0 1 1466 4768 1668
0 1 637 3027 1866
0 1 637 3027 196
0 1 637 3027 1866
0 1 637 3027 2013
0 1 637 3027 2107
0 1 637 3027 2607
0 1 637 3027 540
0 1 637 3027 2251
0 1 637 2156 252
0 1 637 6567 1971
0 1 637 6567 175
0 1 1467 9004 1900
0 1 1467 9004 1900
0 1 1467 7346 1876
0 1 1467 7346 1876
0 1 1467 4082 322
0 1 1468 1690 2379
0 1 638 4387 2053
0 1 646 2484 166
0 1 646 2484 2764
0 1 646 5755 381
0 1 647 1791 546
0 1 290 4703 1908
0 1 290 4703 2797
0 1 290 4703 2026
0 1 290 4703 1908
0 1 290 1480 2797
0 1 649 3909 1009
0 1 649 2408 2546
0 1 650 2461 126
0 1 650 2461 126
0 1 87 5912 1931
0 1 403 1430 1982
0 1 1474 1986 2641
0 1 653 1179 2532
0 1 1478 10 2641
0 1 656 7111 1977
0 1 661 969 2722
0 1 663 65 25
0 1 663 65 326
0 1 663 65 25
0 1 663 4269 307
0 1 663 6668 83
0 1 663 6668 1974
0 1 663 6668 83
0 1 663 1244 12
0 1 663 1244 80
0 1 663 1244 12
0 1 663 1244 2105
0 1 663 1244 299
0 1 663 5656 89
0 1 663 5656 89
0 1 663 5656 2281
0 1 663 1333 2026
0 1 663 3677 1860
0 1 663 3677 16
0 1 663 3677 1860
0 1 663 3677 540
0 1 663 3677 16
0 1 663 4912 154
0 1 663 5804 1007
0 1 663 5021 2026
0 1 664 4127 1873
0 1 664 4127 4
0 1 664 4127 1807
0 1 664 4127 1873
0 1 664 4127 4
0 1 664 4127 1807
0 1 665 6772 2077
0 1 665 7042 327
0 1 665 1180 2114
0 1 665 1180 264
0 1 665 7061 2114
0 1 665 5761 386
0 1 665 3666 1824
0 1 1480 1051 1121
0 1 1481 6435 2738
0 1 666 9008 2735
0 1 1483 1245 2658
0 1 671 7373 737
0 1 595 451 1862
0 1 595 451 1862
0 1 595 451 2607
0 1 1488 3101 2776
0 1 89 5656 2281
0 1 89 9031 233
0 1 89 9031 1998
0 1 89 9031 789
0 1 89 9031 2035
0 1 89 9031 2224
0 1 89 9031 2281
0 1 90 409 2797
0 1 90 1234 186
0 1 90 1396 60
0 1 90 1396 60
0 1 90 1480 2797
0 1 90 8707 60
0 1 90 8707 60
0 1 90 8707 552
0 1 1498 6294 2579
0 1 1499 5903 937
0 1 1499 5903 2148
0 1 1500 3097 2393
0 1 1502 5064 2489
0 1 690 163 2097
0 1 92 3173 1900
0 1 92 3173 1900
0 1 92 1206 2115
0 1 92 1206 2251
0 1 92 5882 2006
0 1 92 950 108
0 1 92 950 1807
0 1 92 950 1923
0 1 92 950 108
0 1 92 950 1807
0 1 92 950 1923
0 1 93 996 14
0 1 93 996 14
0 1 1506 8661 2334
0 1 694 548 2300
0 1 694 8842 166
0 1 694 7470 2413
0 1 694 7470 2607
0 1 699 6266 344
0 1 701 4358 1983
0 1 701 2816 196
0 1 701 4028 2567
0 1 701 3851 79
0 1 701 3851 79
0 1 701 2427 2323
0 1 701 2427 2567
0 1 701 6882 1862
0 1 701 6882 1862
0 1 701 6882 344
0 1 701 2757 1928
0 1 701 2757 1928
0 1 701 2979 1717
0 1 702 5863 832
0 1 94 3744 1942
0 1 94 3744 2098
0 1 95 4082 322
0 1 95 6316 1876
0 1 95 6316 1876
0 1 95 5562 1871
0 1 95 5562 1871
0 1 95 9004 1900
0 1 95 9004 1900
0 1 96 6285 1805
0 1 96 6285 115
0 1 96 6285 1805
0 1 96 6285 115
0 1 96 6268 83
0 1 96 6268 1856
0 1 96 6268 1947
0 1 96 6268 83
0 1 96 6268 540
0 1 96 6268 1856
0 1 1512 787 2308
0 1 707 7775 71
0 1 707 7775 71
0 1 708 3039 2008
0 1 1514 878 885
0 1 1514 5814 2138
0 1 1514 9026 2789
0 1 1514 1053 2777
0 1 712 3176 358
0 1 1515 2724 1978
0 1 1517 3638 1179
0 1 1518 3788 2316
0 1 1518 8195 2297
0 1 99 2170 154
0 1 99 5842 276
0 1 99 5842 994
0 1 1521 7162 2411
0 1 100 2764 1062
0 1 100 2764 2652
0 1 100 1451 2441
0 1 100 509 1820
0 1 719 3696 1001
0 1 719 2732 1001
0 1 101 944 1901
0 1 101 944 16
0 1 101 944 1901
0 1 101 944 16
0 1 724 1188 889
0 1 724 41 2301
0 1 724 41 2410
0 1 1523 980 2605
0 1 1524 8791 1145
0 1 730 6297 2008
0 1 730 6297 2026
0 1 730 6297 2107
0 1 103 7824 108
0 1 103 7824 108
0 1 103 1543 1879
0 1 103 1543 108
0 1 103 1543 2006
0 1 103 1543 2452
0 1 103 1543 1879
0 1 103 1543 108
0 1 103 1543 2142
0 1 103 1543 2271
0 1 103 7883 2070
0 1 103 7269 1879
0 1 103 7269 1879
0 1 103 8893 1901
0 1 103 8893 2012
0 1 103 8893 1901
0 1 103 1201 2006
0 1 733 3754 2287
0 1 1526 2338 2455
0 1 737 8833 2152
0 1 105 5325 1156
0 1 740 230 2001
0 1 740 230 2026
0 1 740 5068 1964
0 1 741 6464 1964
0 1 741 6464 478
0 1 741 7791 1959
0 1 742 7110 252
0 1 742 7110 2105
0 1 742 1788 14
0 1 742 1788 14
0 1 106 4325 2773
0 1 106 2873 1479
0 1 106 3864 1873
0 1 106 3864 1876
0 1 106 3864 1873
0 1 106 3864 1876
0 1 106 3864 2264
0 1 106 2624 1821
0 1 106 2624 1821
0 1 748 7198 2053
0 1 751 8523 1211
0 1 1539 2124 2367
0 1 1540 8409 1134
0 1 1540 2576 1985
0 1 1541 1539 2680
0 1 107 6905 1860
0 1 107 6905 1866
0 1 107 6905 1931
0 1 107 6905 1860
0 1 107 6905 1866
0 1 107 6905 2026
0 1 107 6905 528
0 1 107 4154 14
0 1 107 4154 25
0 1 107 4154 1856
0 1 107 4154 14
0 1 107 4154 326
0 1 107 4154 2011
0 1 107 4154 25
0 1 107 4154 531
0 1 107 4154 464
0 1 107 4154 299
0 1 107 4154 1856
0 1 757 3892 1648
0 1 108 1543 1879
0 1 108 1543 2006
0 1 108 1543 2452
0 1 108 1543 1879
0 1 108 1543 2142
0 1 108 1543 2271
0 1 108 1720 1879
0 1 108 1720 2452
0 1 108 1720 1879
0 1 108 32 1879
0 1 108 32 1807
0 1 108 32 1879
0 1 108 32 2070
0 1 108 32 1807
0 1 108 3841 1873
0 1 108 3841 1807
0 1 108 3841 1899
0 1 108 3841 1873
0 1 108 3841 1807
0 1 108 3841 1899
0 1 108 5104 1876
0 1 108 5104 1900
0 1 108 5104 1876
0 1 108 5104 2070
0 1 108 5104 1900
0 1 108 3683 1913
0 1 108 3683 1913
0 1 108 950 1807
0 1 108 950 1923
0 1 108 950 1807
0 1 108 950 1923
0 1 108 7003 1907
0 1 108 7003 2419
0 1 108 7003 2006
0 1 108 7003 2070
0 1 108 7003 1907
0 1 1543 4233 2550
0 1 1543 4266 1648
0 1 759 2923 1951
0 1 761 5651 175
0 1 762 7933 2610
0 1 762 5303 128
0 1 762 5303 128
0 1 768 451 1862
0 1 768 451 1862
0 1 768 451 595
0 1 768 451 2607
0 1 772 3908 2615
0 1 773 1675 327
0 1 773 1675 2159
0 1 773 558 1872
0 1 773 558 1872
0 1 773 558 2723
0 1 773 8244 186
0 1 1560 5325 1156
0 1 111 7110 252
0 1 111 7110 2105
0 1 111 7110 742
0 1 779 4876 1244
0 1 115 6285 1805
0 1 115 6285 1805
0 1 115 2977 25
0 1 115 2977 1893
0 1 115 2977 1917
0 1 115 2977 71
0 1 115 2977 252
0 1 115 2977 330
0 1 115 2977 321
0 1 115 2977 223
0 1 115 2977 843
0 1 115 2977 2026
0 1 115 2977 25
0 1 115 2977 531
0 1 115 2977 1893
0 1 115 2977 528
0 1 115 2977 1917
0 1 115 2977 71
0 1 115 8445 840
0 1 115 8445 2251
0 1 1572 2748 2143
0 1 1572 8501 2023
0 1 1572 8501 1429
0 1 1572 1226 2397
0 1 789 7493 2506
0 1 789 7493 531
0 1 789 7493 2530
0 1 789 7493 2107
0 1 789 7924 2035
0 1 789 3801 233
0 1 789 9031 89
0 1 789 9031 233
0 1 789 9031 89
0 1 789 9031 1998
0 1 789 9031 2035
0 1 789 9031 2224
0 1 789 9031 2281
0 1 789 3854 233
0 1 789 3854 2035
0 1 789 3854 2224
0 1 789 5848 1805
0 1 789 5848 83
0 1 789 5848 233
0 1 789 5848 321
0 1 789 5848 271
0 1 789 5848 223
0 1 789 5848 1805
0 1 789 5848 2026
0 1 789 5848 322
0 1 789 5848 531
0 1 789 5848 2098
0 1 789 5848 528
0 1 789 5848 83
0 1 789 5848 2257
0 1 789 3876 1931
0 1 789 3876 2436
0 1 789 3876 2567
0 1 789 4842 14
0 1 789 4842 25
0 1 789 4842 14
0 1 789 4842 233
0 1 789 4842 344
0 1 789 4842 326
0 1 789 4842 840
0 1 789 4842 843
0 1 789 4842 25
0 1 104 8759 1897
0 1 104 8759 1897
0 1 104 5761 386
0 1 104 2620 1897
0 1 104 2620 386
0 1 104 2620 1897
0 1 790 4005 2288
0 1 791 5289 2658
0 1 791 5491 2060
0 1 791 5491 2133
0 1 1576 3587 1284
0 1 793 1489 1866
0 1 793 1489 1917
0 1 793 1489 1866
0 1 793 1489 452
0 1 793 1489 1917
0 1 795 4154 14
0 1 795 4154 25
0 1 795 4154 1856
0 1 795 4154 14
0 1 795 4154 326
0 1 795 4154 2011
0 1 795 4154 25
0 1 795 4154 531
0 1 795 4154 464
0 1 795 4154 299
0 1 795 4154 1856
0 1 795 2871 2158
0 1 796 7511 266
0 1 796 6488 2065
0 1 117 6849 2012
0 1 117 1819 1878
0 1 117 1819 1878
0 1 117 1819 2686
0 1 117 1193 1807
0 1 117 1193 1807
0 1 801 1543 1879
0 1 801 1543 108
0 1 801 1543 2006
0 1 801 1543 2452
0 1 801 1543 1879
0 1 801 1543 108
0 1 801 1543 2142
0 1 801 1543 2271
0 1 801 4591 1899
0 1 801 4591 1899
0 1 802 8120 2207
0 1 1580 5518 2636
0 1 1581 4858 1285
0 1 1581 4286 2229
0 1 1581 1448 2082
0 1 1582 3271 2566
0 1 807 2364 1894
0 1 807 2364 2012
0 1 807 2364 1894
0 1 807 2007 1873
0 1 807 2007 1807
0 1 807 2007 1873
0 1 807 2007 2006
0 1 807 2007 1807
0 1 807 4127 1873
0 1 807 4127 4
0 1 807 4127 1807
0 1 807 4127 1873
0 1 807 4127 4
0 1 807 4127 1807
0 1 807 9075 2452
0 1 1586 2183 2612
0 1 1585 6447 2424
0 1 1589 5447 1295
0 1 810 1172 290
0 1 810 7201 2797
0 1 810 7201 2406
0 1 810 7201 290
0 1 810 3687 290
0 1 810 3687 2723
0 1 815 1797 2165
0 1 1596 7933 2610
0 1 1596 305 2784
0 1 1596 8193 2550
0 1 1597 8559 2677
0 1 828 5398 1896
0 1 828 5398 1896
0 1 829 8413 326
0 1 1599 521 2295
0 1 1599 448 2295
0 1 831 3495 710
0 1 831 5268 2158
0 1 1591 8748 1284
0 1 834 5904 2054
0 1 834 4893 2054
0 1 835 3152 2176
0 1 835 3152 2187
0 1 835 1998 2176
0 1 835 1998 2187
0 1 835 1663 2176
0 1 835 2885 66
0 1 835 2885 66
0 1 840 8445 2251
0 1 840 8606 1942
0 1 1605 896 543
0 1 843 5848 1805
0 1 843 5848 83
0 1 843 5848 233
0 1 843 5848 321
0 1 843 5848 271
0 1 843 5848 223
0 1 843 5848 1805
0 1 843 5848 2026
0 1 843 5848 322
0 1 843 5848 531
0 1 843 5848 2098
0 1 843 5848 528
0 1 843 5848 83
0 1 843 5848 2257
0 1 843 4842 14
0 1 843 4842 25
0 1 843 4842 14
0 1 843 4842 233
0 1 843 4842 344
0 1 843 4842 326
0 1 843 4842 789
0 1 843 4842 840
0 1 843 4842 25
0 1 843 3801 233
0 1 843 3801 789
0 1 843 7662 464
0 1 843 7161 2080
0 1 843 616 528
0 1 843 4031 1893
0 1 843 4031 344
0 1 843 4031 223
0 1 843 4031 322
0 1 843 4031 531
0 1 843 4031 1893
0 1 843 4031 528
0 1 844 3819 2452
0 1 1609 8058 2455
0 1 1614 8614 2756
0 1 1618 3923 1121
0 1 1618 3923 2736
0 1 1620 103 2587
0 1 1620 103 2674
0 1 1620 8556 2550
0 1 1620 8556 2630
0 1 850 6435 2738
0 1 852 2977 25
0 1 852 2977 1893
0 1 852 2977 1917
0 1 852 2977 71
0 1 852 2977 252
0 1 852 2977 330
0 1 852 2977 321
0 1 852 2977 223
0 1 852 2977 843
0 1 852 2977 2026
0 1 852 2977 25
0 1 852 2977 531
0 1 852 2977 1893
0 1 852 2977 528
0 1 852 2977 1917
0 1 852 2977 71
0 1 852 6905 1860
0 1 852 6905 1866
0 1 852 6905 1931
0 1 852 6905 1860
0 1 852 6905 1866
0 1 852 6905 2026
0 1 852 6905 528
0 1 852 4842 14
0 1 852 4842 25
0 1 852 4842 14
0 1 852 4842 233
0 1 852 4842 344
0 1 852 4842 326
0 1 852 4842 789
0 1 852 4842 840
0 1 852 4842 843
0 1 852 4842 25
0 1 852 2750 1972
0 1 852 3045 663
0 1 852 5848 1805
0 1 852 5848 83
0 1 852 5848 233
0 1 852 5848 321
0 1 852 5848 271
0 1 852 5848 223
0 1 852 5848 1805
0 1 852 5848 2026
0 1 852 5848 322
0 1 852 5848 531
0 1 852 5848 2098
0 1 852 5848 528
0 1 852 5848 83
0 1 852 5848 2257
0 1 852 6458 25
0 1 852 6458 83
0 1 852 6458 25
0 1 852 6458 531
0 1 852 6458 83
0 1 853 7751 2063
0 1 125 991 2598
0 1 1626 4889 1284
0 1 1626 5745 1285
0 1 1626 5745 2229
0 1 865 4843 2223
0 1 865 3820 2266
0 1 865 2231 2223
0 1 126 3562 2070
0 1 126 2817 2070
0 1 126 8946 108
0 1 126 8946 1807
0 1 126 8946 108
0 1 126 8946 1807
0 1 126 3819 2452
0 1 126 1720 1879
0 1 126 1720 108
0 1 126 1720 2452
0 1 126 1720 1879
0 1 126 1720 108
0 1 126 3841 1873
0 1 126 3841 108
0 1 126 3841 1807
0 1 126 3841 1899
0 1 126 3841 1873
0 1 126 3841 108
0 1 126 3841 1807
0 1 126 3841 1899
0 1 126 4921 108
0 1 126 4921 108
0 1 867 6103 2158
0 1 128 8810 2630
0 1 128 9164 2550
0 1 873 5440 2172
0 1 873 3355 1316
0 1 873 4005 2288
0 1 874 1401 2242
0 1 1638 2467 1358
0 1 1642 3831 2451
0 1 1644 1999 2737
0 1 1644 7771 2294
0 1 883 6671 2015
0 1 1648 2293 2630
0 1 133 3650 2709
0 1 133 7696 2486
0 1 899 113 2155
0 1 899 2875 2155
0 1 901 899 2039
0 1 901 1027 2039
0 1 901 2429 2039
0 1 901 8482 2039
0 1 1655 1000 2447
0 1 1655 4422 2446
0 1 1658 8652 1284
0 1 1662 5634 103
0 1 1662 5634 103
0 1 1662 8893 103
0 1 1662 8893 1901
0 1 1662 8893 2012
0 1 1662 8893 103
0 1 1662 8893 1901
0 1 1662 683 2419
0 1 911 154 60
0 1 911 154 60
0 1 911 409 2797
0 1 1669 9112 2709
0 1 1669 3650 2709
0 1 923 5248 235
0 1 1677 6645 2207
0 1 932 8989 1956
0 1 1685 7203 2606
0 1 938 5027 1240
0 1 1686 8665 486
0 1 947 8240 2373
0 1 948 1941 2174
0 1 953 47 2536
0 1 1701 8244 186
0 1 1701 4707 2159
0 1 1701 8888 186
0 1 1701 5941 186
0 1 140 5848 1805
0 1 140 5848 83
0 1 140 5848 233
0 1 140 5848 321
0 1 140 5848 271
0 1 140 5848 223
0 1 140 5848 1805
0 1 140 5848 2026
0 1 140 5848 322
0 1 140 5848 531
0 1 140 5848 2098
0 1 140 5848 528
0 1 140 5848 83
0 1 140 5848 2257
0 1 140 1244 12
0 1 140 1244 80
0 1 140 1244 12
0 1 140 1244 2105
0 1 140 1244 663
0 1 140 1244 299
0 1 140 3715 2203
0 1 143 6450 2446
0 1 1723 348 2316
0 1 1733 7750 1287
0 1 1737 661 2325
0 1 652 2408 2546
0 1 652 6013 2387
0 1 986 2981 447
0 1 1743 1528 2371
0 1 1744 5831 1028
0 1 1748 6453 1932
0 1 1748 5293 1917
0 1 1748 5293 1917
0 1 144 2977 25
0 1 144 2977 1893
0 1 144 2977 1917
0 1 144 2977 71
0 1 144 2977 252
0 1 144 2977 330
0 1 144 2977 321
0 1 144 2977 223
0 1 144 2977 843
0 1 144 2977 2026
0 1 144 2977 25
0 1 144 2977 531
0 1 144 2977 1893
0 1 144 2977 528
0 1 144 2977 1917
0 1 144 2977 71
0 1 144 6464 1964
0 1 144 6464 478
0 1 144 6464 741
0 1 144 8724 12
0 1 144 8724 12
0 1 144 8724 2567
0 1 1752 657 1948
0 1 1752 657 2398
0 1 1752 657 2607
0 1 1752 8005 1190
0 1 994 8138 176
0 1 994 5842 99
0 1 994 5842 99
0 1 994 5842 276
0 1 1755 1024 12
0 1 1755 1024 12
0 1 995 1808 2457
0 1 996 984 192
0 1 1758 229 2469
0 1 1758 229 2695
0 1 1758 3648 1316
0 1 1758 3648 2175
0 1 997 1978 2796
0 1 998 6783 531
0 1 999 5337 2402
0 1 999 5337 2483
0 1 999 1907 1887
0 1 999 1907 1964
0 1 999 1907 1887
0 1 999 1907 2104
0 1 999 2603 12
0 1 999 2603 1887
0 1 999 2603 12
0 1 999 2603 1887
0 1 1761 8018 2436
0 1 1761 7763 1357
0 1 1763 4030 2359
0 1 1766 8637 1027
0 1 1766 8624 2430
0 1 146 7536 1905
0 1 146 7536 1905
0 1 146 6961 1316
0 1 147 4980 2530
0 1 147 8828 270
0 1 1003 5288 518
0 1 1003 7358 518
0 1 1768 7401 1291
0 1 1768 7401 2043
0 1 1768 6954 1555
0 1 1004 463 2607
0 1 1004 1489 1866
0 1 1004 1489 1917
0 1 1004 1489 1866
0 1 1004 1489 793
0 1 1004 1489 452
0 1 1004 1489 1917
0 1 149 5740 1873
0 1 149 5740 1873
0 1 149 4854 2070
0 1 1775 5809 2418
0 1 1778 1679 2406
0 1 1780 279 2544
0 1 1781 8706 2451
0 1 1781 5700 2541
0 1 1781 1640 2321
0 1 1781 556 2457
0 1 1784 3113 2607
0 1 1785 166 2348
0 1 1786 1249 2567
0 1 1787 3097 2393
0 1 150 7720 2310
0 1 1790 7356 452
0 1 1792 5931 2410
0 1 1799 1138 1088
