0 20 1177 179
0 20 88 1193
0 20 747 1005
0 3 790 290
0 6 2787 801
0 9 1247 140
0 9 1247 140
0 10 3827 1720
0 10 3827 1200
0 10 735 996
0 10 3638 996
0 10 2139 996
0 10 3159 1047
0 15 3087 1094
0 15 3087 159
0 15 2819 150
0 15 2819 150
0 15 79 1155
0 15 1799 1720
0 15 1011 150
0 15 1011 150
0 15 2423 145
0 15 2423 1237
0 15 2423 145
0 15 3814 1782
0 16 2072 47
0 16 2072 47
0 19 2641 1002
0 22 282 1748
0 22 282 1760
0 22 282 1793
0 22 2721 145
0 22 2721 1194
0 22 2721 145
0 22 3378 1018
0 22 3378 1023
0 22 3378 1222
0 28 1567 1479
0 28 2786 801
0 29 568 140
0 29 568 140
0 29 1424 140
0 29 1424 140
0 30 3658 1043
0 30 726 1793
0 30 3345 1084
0 30 235 1198
0 30 235 1232
0 41 2892 1479
0 44 1724 1252
0 46 1544 55
0 46 1544 55
0 47 2075 110
0 47 2075 110
0 47 2072 16
0 47 2072 16
0 49 3154 60
0 49 3154 60
0 49 2301 60
0 49 2301 60
0 49 423 60
0 49 423 60
0 1812 3485 1293
0 55 1544 46
0 55 1544 46
0 60 3154 49
0 60 3154 49
0 60 2301 49
0 60 2301 49
0 60 423 49
0 60 423 49
0 61 788 801
0 61 2136 103
0 61 2136 103
0 61 1964 103
0 61 1964 103
0 63 3338 807
0 88 3694 1847
0 88 1865 1847
0 88 1865 1602
0 88 1007 1847
0 88 1007 1602
0 88 2905 1847
0 88 2905 1602
0 92 1428 108
0 92 1428 108
0 93 2222 672
0 96 290 740
0 96 551 484
0 99 3932 489
0 103 2136 61
0 103 2136 61
0 103 1435 1236
0 103 1964 61
0 103 1964 61
0 1835 3259 1437
0 106 3278 650
0 108 1428 92
0 108 1428 92
0 108 638 1467
0 104 206 386
0 124 366 1218
0 110 2075 47
0 110 2075 47
0 1847 1007 88
0 1847 1007 88
0 1847 1007 1602
0 1847 3694 88
0 1847 3694 88
0 1847 2905 88
0 1847 2905 88
0 1847 2905 1602
0 1847 1536 1602
0 1847 1865 88
0 1847 1865 88
0 1847 1865 1602
0 140 1247 9
0 140 1247 9
0 140 568 29
0 140 568 29
0 140 1424 29
0 140 1424 29
0 143 3918 1702
0 143 3918 1041
0 143 3918 1145
0 143 3918 1209
0 144 563 245
0 145 303 150
0 145 303 1155
0 145 303 150
0 145 2423 15
0 145 2423 15
0 145 2423 1237
0 145 3482 1702
0 145 1310 1179
0 145 2721 22
0 145 2721 1194
0 145 2721 22
0 145 869 276
0 145 869 279
0 145 869 310
0 145 2873 1029
0 145 2873 1174
0 145 849 1030
0 145 625 1084
0 146 3509 1121
0 146 2039 1721
0 147 841 994
0 147 3439 994
0 150 303 145
0 150 303 1155
0 150 303 145
0 150 2819 15
0 150 2819 15
0 150 1011 15
0 150 1011 15
0 1702 3918 143
0 1702 3918 1041
0 1702 3918 1145
0 1702 3918 1209
0 1702 3918 143
0 1702 644 1727
0 1702 644 1751
0 1702 3482 145
0 1702 3482 145
0 1057 3127 1071
0 1057 1316 1222
0 1057 174 1166
0 1057 174 1191
0 1704 2593 1320
0 1704 2593 1762
0 1704 3890 1166
0 1704 2999 1436
0 218 3293 195
0 218 3293 217
0 218 963 206
0 218 963 237
0 218 963 253
0 218 963 1010
0 218 893 206
0 218 893 256
0 218 893 275
0 218 893 276
0 218 893 279
0 218 893 1001
0 218 742 217
0 218 742 275
0 218 742 280
0 1705 1130 1142
0 1705 3006 1072
0 1705 3006 1119
0 1705 3103 970
0 1705 3651 1118
0 1705 3530 1119
0 1705 453 1210
0 969 215 155
0 969 215 1716
0 969 3404 1017
0 155 1791 255
0 155 1791 256
0 155 1791 280
0 155 215 969
0 155 215 1716
0 155 2131 992
0 970 3103 1705
0 1090 3786 1023
0 1090 3023 1020
0 1090 1230 1320
0 1090 3478 478
0 1090 3478 1225
0 1090 3478 1782
0 1148 3075 1780
0 1148 3153 1780
0 1148 3381 1780
0 1148 446 1527
0 1148 446 1741
0 1148 446 1780
0 1709 1872 1147
0 1709 1872 1238
0 1709 1073 1173
0 1709 2996 1127
0 1044 755 1436
0 1044 185 1524
0 1479 2892 41
0 1479 2892 41
0 1479 1567 28
0 1479 1567 28
0 1479 1210 312
0 1134 3148 1063
0 1134 2055 1063
0 1134 652 1063
0 478 3448 275
0 478 2192 270
0 478 3852 1203
0 478 3852 257
0 478 3852 1191
0 478 3852 275
0 478 3478 1090
0 478 3478 1225
0 478 3478 1782
0 1714 2084 1029
0 1714 2084 1202
0 1714 845 1206
0 1714 3377 1193
0 1714 3377 1173
0 1714 1925 1203
0 1714 2282 159
0 154 3783 171
0 154 3783 172
0 154 3783 228
0 154 295 171
0 154 295 228
0 154 525 171
0 154 525 228
0 154 2560 194
0 154 1856 217
0 154 1856 234
0 154 2420 171
0 154 2420 172
0 154 2420 228
0 154 2420 241
0 154 2420 1010
0 154 1309 171
0 154 1309 172
0 154 1309 206
0 154 1309 228
0 154 1309 307
0 154 1309 719
0 154 1309 1001
0 154 1309 1010
0 154 1253 206
0 154 1253 486
0 154 2085 171
0 154 2085 1001
0 1715 222 1076
0 1715 222 1784
0 1715 222 1793
0 1715 2342 1030
0 1715 2342 1237
0 1063 3148 1134
0 1063 752 1295
0 1063 652 1134
0 1063 3788 1295
0 1063 3788 1420
0 1063 2055 1134
0 1716 2778 1140
0 1716 215 969
0 1716 215 155
0 1716 3423 1708
0 1716 1657 1759
0 1022 3374 1215
0 978 3846 213
0 978 3846 178
0 1113 334 1320
0 1113 1189 1020
0 1113 1189 1023
0 1113 2382 1147
0 1113 2382 1214
0 1113 1647 1023
0 1113 1647 1191
0 1113 1647 1225
0 1113 84 1023
0 1113 1992 1145
0 1113 1992 1189
0 1113 2615 1147
0 1113 2349 1203
0 1113 618 1040
0 979 2606 862
0 531 548 484
0 1092 1175 1209
0 1092 1175 1238
0 1720 1799 15
0 1720 1799 15
0 1720 3827 10
0 1720 3827 10
0 1720 3827 1200
0 191 2816 241
0 191 2400 273
0 191 1453 171
0 191 1453 172
0 1721 1755 1316
0 1721 926 1316
0 1721 688 1117
0 1721 2039 146
0 1721 2039 146
0 1722 1378 1132
0 1722 1378 1140
0 1722 2407 1130
0 1722 2407 1225
0 1722 1236 1030
0 1722 3193 1076
0 1722 2793 1130
0 1722 2793 1739
0 1117 688 1721
0 1117 1759 1302
0 1094 1300 257
0 1094 3087 15
0 1094 3087 159
0 1094 3087 15
0 1094 3750 301
0 1094 3750 1239
0 1094 214 1030
0 1094 214 1194
0 1094 2452 1784
0 1094 50 1101
0 1020 3008 1198
0 1020 952 1784
0 1020 1237 1029
0 1020 3023 1090
0 1020 1189 1113
0 1020 1189 1023
0 1020 2117 1127
0 1020 2436 1127
0 1020 2436 1237
0 1156 764 1065
0 1156 764 1174
0 1156 764 1724
0 1156 1607 1145
0 1156 1607 1189
0 1156 1607 1191
0 1156 1847 1061
0 1156 1847 1202
0 1728 3715 213
0 1729 584 1041
0 1729 584 1174
0 1729 137 1132
0 1193 653 1760
0 1193 88 20
0 1193 88 20
0 1193 2216 1783
0 1193 3377 1714
0 1193 3377 1173
0 1030 1460 275
0 1030 1460 1741
0 1030 1236 1722
0 1030 849 145
0 1030 849 145
0 1030 1173 1357
0 1030 2342 1715
0 1030 2342 1237
0 1030 214 1094
0 1030 214 1194
0 1173 1073 1709
0 1173 83 1743
0 1173 3377 1714
0 1173 3377 1193
0 171 1309 154
0 171 1309 172
0 171 1309 206
0 171 1309 228
0 171 1309 307
0 171 1309 719
0 171 1309 1001
0 171 1309 1010
0 171 525 154
0 171 525 228
0 171 295 154
0 171 295 228
0 171 2420 154
0 171 2420 172
0 171 2420 228
0 171 2420 241
0 171 2420 1010
0 171 2234 194
0 171 2234 879
0 171 2234 172
0 171 2234 217
0 171 2234 253
0 171 2234 1001
0 171 2234 1010
0 171 1453 191
0 171 1453 172
0 171 2085 154
0 171 2085 1001
0 171 3783 154
0 171 3783 172
0 171 3783 228
0 1182 198 1065
0 195 2040 294
0 195 3293 218
0 195 3293 217
0 1203 2349 1113
0 1203 1484 1209
0 1203 1925 1714
0 1203 3852 478
0 1203 3852 257
0 1203 3852 1191
0 1203 3852 275
0 992 2841 294
0 992 800 222
0 992 800 298
0 992 1533 1239
0 992 1533 730
0 992 2131 155
0 484 548 531
0 484 1042 1004
0 484 551 96
0 484 551 96
0 495 3822 313
0 1018 1817 1708
0 1018 2367 1500
0 1018 3378 22
0 1018 3378 1023
0 1018 3378 22
0 1018 3378 1222
0 213 1385 993
0 213 693 892
0 213 3715 1728
0 213 3846 978
0 213 3846 178
0 20 1177 179
0 20 88 1193
0 20 747 1005
0 1127 894 1021
0 1127 2117 1020
0 1127 2436 1020
0 1127 2436 1237
0 1127 2996 1709
0 1127 3533 1225
0 1007 911 1084
0 1007 1822 175
0 1007 1822 257
0 1007 1822 179
0 1007 1822 993
0 1007 1822 1005
0 1069 2092 1436
0 194 2560 154
0 194 2234 171
0 194 2234 879
0 194 2234 172
0 194 2234 217
0 194 2234 253
0 194 2234 1001
0 194 2234 1010
0 879 2234 171
0 879 2234 194
0 879 2234 172
0 879 2234 217
0 879 2234 253
0 879 2234 1001
0 879 2234 1010
0 879 1587 253
0 879 1587 294
0 879 1676 206
0 879 1676 279
0 879 1676 310
0 879 1676 719
0 879 1771 486
0 879 2185 227
0 879 2185 257
0 879 704 172
0 879 704 1010
0 1017 3404 969
0 1019 3711 1052
0 1019 1660 1071
0 152 244 283
0 1021 613 1783
0 1021 894 1127
0 1021 2394 1743
0 1023 3378 22
0 1023 3378 1018
0 1023 3378 22
0 1023 3378 1222
0 1023 1189 1113
0 1023 1189 1020
0 1023 1647 1113
0 1023 1647 1191
0 1023 1647 1225
0 1023 1938 1782
0 1023 3786 1090
0 1023 84 1113
0 1029 67 1136
0 1029 2084 1714
0 1029 2084 1202
0 1029 2873 145
0 1029 2873 1174
0 1029 2873 145
0 1029 1237 1020
0 1029 350 1320
0 1029 2609 1191
0 1029 2609 301
0 1029 914 216
0 158 2107 724
0 1032 588 1447
0 159 3087 15
0 159 3087 1094
0 159 3087 15
0 159 2282 1714
0 1040 618 1113
0 1040 1758 1214
0 1040 1758 1217
0 162 3592 473
0 163 1261 167
0 1041 2052 1759
0 1041 3918 143
0 1041 3918 1702
0 1041 3918 1145
0 1041 3918 1209
0 1041 3918 143
0 1041 1246 1006
0 1041 584 1729
0 1041 584 1174
0 1042 987 1108
0 1042 987 1109
0 1043 3630 1052
0 1043 3630 1073
0 1043 3630 1734
0 1043 3658 30
0 1043 3658 30
0 1047 3159 10
0 1047 3159 10
0 1047 492 1101
0 1047 2951 1210
0 166 3752 383
0 1052 3630 1043
0 1052 3630 1073
0 1052 3630 1734
0 1052 1612 1147
0 1052 3711 1019
0 167 1261 163
0 167 977 280
0 167 977 998
0 167 3356 998
0 167 2468 1743
0 167 2468 998
0 1061 1847 1156
0 1061 1847 1202
0 172 2420 154
0 172 2420 171
0 172 2420 228
0 172 2420 241
0 172 2420 1010
0 172 2234 171
0 172 2234 194
0 172 2234 879
0 172 2234 217
0 172 2234 253
0 172 2234 1001
0 172 2234 1010
0 172 1453 191
0 172 1453 171
0 172 1309 154
0 172 1309 171
0 172 1309 206
0 172 1309 228
0 172 1309 307
0 172 1309 719
0 172 1309 1001
0 172 1309 1010
0 172 3783 154
0 172 3783 171
0 172 3783 228
0 172 704 879
0 172 704 1010
0 1065 3188 1202
0 1065 3765 1747
0 1065 198 1182
0 1065 764 1156
0 1065 764 1174
0 1065 764 1724
0 1067 3322 435
0 1067 2797 1781
0 175 3054 320
0 175 3080 178
0 175 1822 1007
0 175 1822 257
0 175 1822 179
0 175 1822 993
0 175 1822 1005
0 1071 1954 1222
0 1071 1660 1019
0 1071 3127 1057
0 1072 3006 1705
0 1072 3006 1119
0 1073 3630 1043
0 1073 3630 1052
0 1073 3630 1734
0 1076 2245 1793
0 1076 3193 1722
0 1076 222 1715
0 1076 222 1784
0 1076 222 1793
0 178 521 257
0 178 521 259
0 178 521 179
0 178 3080 175
0 178 3842 205
0 178 3846 978
0 178 3846 213
0 1084 3913 1222
0 1084 3913 1782
0 1084 3345 30
0 1084 3345 30
0 1084 911 1007
0 1084 625 145
0 1084 625 145
0 1088 2034 1782
0 1093 1026 1006
0 1098 1012 1433
0 1098 3474 1433
0 1100 2587 266
0 1100 2587 1245
0 1100 2587 749
0 1101 55 1136
0 1101 1081 774
0 1101 50 1094
0 1101 492 1047
0 3 790 290
0 189 600 216
0 189 600 275
0 1104 239 1740
0 1106 2372 491
0 1108 987 1042
0 1108 987 1109
0 1109 987 1042
0 1109 987 1108
0 1112 1892 869
0 1115 2450 1135
0 1116 1464 240
0 1118 3651 1705
0 1119 3006 1705
0 1119 3006 1072
0 1119 3530 1705
0 200 669 380
0 1121 3509 146
0 1121 3509 146
0 205 1473 257
0 205 1473 280
0 205 605 259
0 205 605 276
0 205 3842 178
0 1130 2793 1722
0 1130 2793 1739
0 1130 477 1751
0 1130 2407 1722
0 1130 2407 1225
0 206 963 218
0 206 963 237
0 206 963 253
0 206 963 1010
0 206 225 253
0 206 1309 154
0 206 1309 171
0 206 1309 172
0 206 1309 228
0 206 1309 307
0 206 1309 719
0 206 1309 1001
0 206 1309 1010
0 206 1253 154
0 206 1253 486
0 206 893 218
0 206 893 256
0 206 893 275
0 206 893 276
0 206 893 279
0 206 893 1001
0 206 1676 879
0 206 1676 279
0 206 1676 310
0 206 1676 719
0 1132 137 1729
0 1132 1378 1722
0 1132 1378 1140
0 1132 3831 1136
0 1132 3831 1145
0 1133 1838 1240
0 212 3133 259
0 1135 2450 1115
0 1136 67 1029
0 1136 3831 1132
0 1136 3831 1145
0 1136 55 1101
0 1136 1581 1194
0 1136 562 1763
0 1137 247 1589
0 1140 2778 1716
0 1140 3207 1763
0 1140 1378 1722
0 1140 1378 1132
0 1140 2495 1738
0 1142 1130 1705
0 1144 1255 1176
0 1144 1255 261
0 1145 1607 1156
0 1145 1607 1189
0 1145 1607 1191
0 1145 2412 1202
0 1145 3918 143
0 1145 3918 1702
0 1145 3918 1041
0 1145 3918 1209
0 1145 3918 143
0 1145 1992 1113
0 1145 1992 1189
0 1145 3831 1132
0 1145 3831 1136
0 1147 1612 1052
0 1147 2615 1113
0 1147 2382 1113
0 1147 2382 1214
0 1147 808 1214
0 1147 1872 1709
0 1147 1872 1238
0 1147 1134 1748
0 1147 2439 1184
0 216 914 1029
0 216 3870 285
0 216 3870 691
0 216 600 189
0 216 600 275
0 217 3293 218
0 217 3293 195
0 217 2234 171
0 217 2234 194
0 217 2234 879
0 217 2234 172
0 217 2234 253
0 217 2234 1001
0 217 2234 1010
0 217 1856 154
0 217 1856 234
0 217 742 218
0 217 742 275
0 217 742 280
0 220 432 307
0 220 2879 237
0 220 2879 241
0 220 2879 253
0 220 2879 294
0 220 2879 307
0 220 2879 719
0 6 2787 801
0 222 631 257
0 222 631 275
0 222 800 992
0 222 800 298
0 1152 3117 990
0 1154 2657 1259
0 1155 303 145
0 1155 303 150
0 1155 303 145
0 1155 303 150
0 1155 2315 1202
0 1155 2315 1509
0 1155 79 15
0 1155 79 15
0 227 2185 879
0 227 2185 257
0 228 525 154
0 228 525 171
0 228 1309 154
0 228 1309 171
0 228 1309 172
0 228 1309 206
0 228 1309 307
0 228 1309 719
0 228 1309 1001
0 228 1309 1010
0 228 2420 154
0 228 2420 171
0 228 2420 172
0 228 2420 241
0 228 2420 1010
0 228 295 154
0 228 295 171
0 228 3783 154
0 228 3783 171
0 228 3783 172
0 1161 2624 1216
0 1161 123 1216
0 1166 2253 1190
0 1166 2253 1741
0 1166 2253 1784
0 1166 174 1057
0 1166 174 1191
0 1166 3890 1704
0 235 3000 1758
0 235 2955 281
0 9 1247 140
0 9 1247 140
0 10 3827 1720
0 10 3827 1200
0 10 735 996
0 10 3638 996
0 10 2139 996
0 10 3159 1047
0 236 2876 278
0 237 2879 220
0 237 2879 241
0 237 2879 253
0 237 2879 294
0 237 2879 307
0 237 2879 719
0 237 963 218
0 237 963 206
0 237 963 253
0 237 963 1010
0 1172 1923 1243
0 240 1464 1116
0 241 395 253
0 241 2879 220
0 241 2879 237
0 241 2879 253
0 241 2879 294
0 241 2879 307
0 241 2879 719
0 241 2420 154
0 241 2420 171
0 241 2420 172
0 241 2420 228
0 241 2420 1010
0 241 2816 191
0 1174 2873 145
0 1174 2873 1029
0 1174 2873 145
0 1174 584 1729
0 1174 584 1041
0 1174 764 1156
0 1174 764 1065
0 1174 764 1724
0 1176 2293 1208
0 1176 1255 1144
0 1176 1255 261
0 1178 673 1753
0 245 563 144
0 245 563 144
0 245 3875 423
0 1179 1310 145
0 1179 1310 145
0 15 3087 1094
0 15 3087 159
0 15 2819 150
0 15 2819 150
0 15 79 1155
0 15 1799 1720
0 15 1011 150
0 15 1011 150
0 15 2423 145
0 15 2423 1237
0 15 2423 145
0 15 3814 1782
0 1184 1135 1198
0 1184 1135 1255
0 1184 3268 1191
0 1184 2466 259
0 1184 2439 1147
0 249 2845 250
0 250 2845 249
0 16 2072 47
0 16 2072 47
0 253 395 241
0 253 2234 171
0 253 2234 194
0 253 2234 879
0 253 2234 172
0 253 2234 217
0 253 2234 1001
0 253 2234 1010
0 253 225 206
0 253 3344 259
0 253 3344 294
0 253 1587 879
0 253 1587 294
0 253 2879 220
0 253 2879 237
0 253 2879 241
0 253 2879 294
0 253 2879 307
0 253 2879 719
0 253 963 218
0 253 963 206
0 253 963 237
0 253 963 1010
0 255 1028 258
0 255 1028 275
0 255 1028 280
0 255 1791 155
0 255 1791 256
0 255 1791 280
0 255 3475 280
0 256 2707 310
0 256 893 218
0 256 893 206
0 256 893 275
0 256 893 276
0 256 893 279
0 256 893 1001
0 256 1791 155
0 256 1791 255
0 256 1791 280
0 256 2286 257
0 256 2286 275
0 257 2185 879
0 257 2185 227
0 257 1214 275
0 257 2115 302
0 257 1822 1007
0 257 1822 175
0 257 1822 179
0 257 1822 993
0 257 1822 1005
0 257 1300 1094
0 257 1473 205
0 257 1473 280
0 257 2286 256
0 257 2286 275
0 257 631 222
0 257 631 275
0 257 521 178
0 257 521 259
0 257 521 179
0 257 3852 478
0 257 3852 1203
0 257 3852 1191
0 257 3852 275
0 258 1028 255
0 258 1028 275
0 258 1028 280
0 259 3647 302
0 259 605 205
0 259 605 276
0 259 2466 1184
0 259 521 178
0 259 521 257
0 259 521 179
0 259 3344 253
0 259 3344 294
0 259 3133 212
0 261 1255 1144
0 261 1255 1176
0 1189 3604 1775
0 1189 1992 1113
0 1189 1992 1145
0 1189 510 1775
0 1189 1607 1156
0 1189 1607 1145
0 1189 1607 1191
0 1189 1816 1775
0 1190 1673 1782
0 1190 2253 1166
0 1190 2253 1741
0 1190 2253 1784
0 1191 2609 1029
0 1191 2609 301
0 1191 1647 1113
0 1191 1647 1023
0 1191 1647 1225
0 1191 3268 1184
0 1191 174 1057
0 1191 174 1166
0 1191 1607 1156
0 1191 1607 1145
0 1191 1607 1189
0 1191 3852 478
0 1191 3852 1203
0 1191 3852 257
0 1191 3852 275
0 1194 214 1094
0 1194 214 1030
0 1194 1581 1136
0 1194 2721 22
0 1194 2721 145
0 1194 2721 22
0 1194 2721 145
0 1194 1668 1202
0 1194 1668 1214
0 19 2641 1002
0 1198 840 1784
0 1198 235 30
0 1198 235 1232
0 1198 235 30
0 1198 1135 1184
0 1198 1135 1255
0 1198 3008 1020
0 266 2587 1100
0 266 2587 1245
0 266 2587 749
0 1200 3827 10
0 1200 3827 1720
0 1200 3827 10
0 22 282 1748
0 22 282 1760
0 22 282 1793
0 22 2721 145
0 22 2721 1194
0 22 2721 145
0 22 3378 1018
0 22 3378 1023
0 22 3378 1222
0 1202 2412 1145
0 1202 2315 1155
0 1202 2315 1509
0 1202 3188 1065
0 1202 1668 1194
0 1202 1668 1214
0 1202 1847 1156
0 1202 1847 1061
0 1202 2084 1714
0 1202 2084 1029
0 1206 845 1714
0 270 2192 478
0 1208 2293 1176
0 1209 1175 1092
0 1209 1175 1238
0 1209 3670 1708
0 1209 3918 143
0 1209 3918 1702
0 1209 3918 1041
0 1209 3918 1145
0 1209 3918 143
0 1209 1484 1203
0 1210 453 1705
0 1210 2951 1047
0 272 1092 637
0 273 2400 191
0 1214 808 1147
0 1214 1758 1040
0 1214 1758 1217
0 1214 1668 1194
0 1214 1668 1202
0 1214 2382 1113
0 1214 2382 1147
0 275 1028 255
0 275 1028 258
0 275 1028 280
0 275 631 222
0 275 631 257
0 275 1214 257
0 275 2286 256
0 275 2286 257
0 275 3448 478
0 275 742 218
0 275 742 217
0 275 742 280
0 275 600 189
0 275 600 216
0 275 1460 1030
0 275 1460 1741
0 275 893 218
0 275 893 206
0 275 893 256
0 275 893 276
0 275 893 279
0 275 893 1001
0 275 3852 478
0 275 3852 1203
0 275 3852 257
0 275 3852 1191
0 275 177 327
0 276 725 279
0 276 605 205
0 276 605 259
0 276 869 145
0 276 869 279
0 276 869 310
0 276 869 145
0 276 893 218
0 276 893 206
0 276 893 256
0 276 893 275
0 276 893 279
0 276 893 1001
0 1215 3374 1022
0 1216 2624 1161
0 1216 123 1161
0 1217 2727 1232
0 1217 1758 1040
0 1217 1758 1214
0 1218 366 124
0 1218 366 124
0 277 2709 514
0 278 2876 236
0 279 869 145
0 279 869 276
0 279 869 310
0 279 869 145
0 279 725 276
0 279 1676 879
0 279 1676 206
0 279 1676 310
0 279 1676 719
0 279 893 218
0 279 893 206
0 279 893 256
0 279 893 275
0 279 893 276
0 279 893 1001
0 280 1791 155
0 280 1791 255
0 280 1791 256
0 280 977 167
0 280 977 998
0 280 1473 205
0 280 1473 257
0 280 3475 255
0 280 733 302
0 280 1028 255
0 280 1028 258
0 280 1028 275
0 280 742 218
0 280 742 217
0 280 742 275
0 281 2955 235
0 282 1403 1358
0 283 244 152
0 1222 3913 1084
0 1222 3913 1782
0 1222 3378 22
0 1222 3378 1018
0 1222 3378 1023
0 1222 3378 22
0 1222 1316 1057
0 1222 1954 1071
0 284 3471 491
0 285 3870 216
0 285 3870 691
0 285 1347 370
0 285 1347 1739
0 285 2967 1343
0 1225 3352 1782
0 1225 3478 1090
0 1225 3478 478
0 1225 3478 1782
0 1225 1647 1113
0 1225 1647 1023
0 1225 1647 1191
0 1225 2407 1722
0 1225 2407 1130
0 1225 1972 1782
0 1225 3533 1127
0 290 790 3
0 290 790 3
0 1227 2416 1447
0 1227 2416 1733
0 294 3344 253
0 294 3344 259
0 294 2879 220
0 294 2879 237
0 294 2879 241
0 294 2879 253
0 294 2879 307
0 294 2879 719
0 294 1587 879
0 294 1587 253
0 294 2841 992
0 294 2040 195
0 1232 3291 1782
0 1232 235 30
0 1232 235 1198
0 1232 235 30
0 1232 2727 1217
0 298 800 992
0 298 800 222
0 28 1567 1479
0 28 2786 801
0 29 568 140
0 29 568 140
0 29 1424 140
0 29 1424 140
0 1236 1435 103
0 1236 1435 103
0 1237 2342 1715
0 1237 2342 1030
0 1237 2423 15
0 1237 2423 145
0 1237 2423 15
0 1237 2423 145
0 1237 2436 1020
0 1237 2436 1127
0 1238 1872 1709
0 1238 1872 1147
0 1238 1175 1092
0 1238 1175 1209
0 1238 44 1357
0 1238 44 1766
0 301 3750 1094
0 301 3750 1239
0 301 2660 1001
0 301 2609 1029
0 301 2609 1191
0 30 3658 1043
0 30 726 1793
0 30 3345 1084
0 30 235 1198
0 30 235 1232
0 1239 1533 992
0 1239 1533 730
0 1239 3750 1094
0 1239 3750 301
0 1240 1838 1133
0 302 3647 259
0 302 2115 257
0 302 733 280
0 1243 1923 1172
0 1245 2587 1100
0 1245 2587 266
0 1245 2587 749
0 307 432 220
0 307 2879 220
0 307 2879 237
0 307 2879 241
0 307 2879 253
0 307 2879 294
0 307 2879 719
0 307 1309 154
0 307 1309 171
0 307 1309 172
0 307 1309 206
0 307 1309 228
0 307 1309 719
0 307 1309 1001
0 307 1309 1010
0 310 869 145
0 310 869 276
0 310 869 279
0 310 869 145
0 310 1676 879
0 310 1676 206
0 310 1676 279
0 310 1676 719
0 310 2707 256
0 312 1210 1479
0 313 3822 495
0 1252 1724 44
0 1252 1724 44
0 1252 2674 1706
0 320 3054 175
0 1255 1135 1184
0 1255 1135 1198
0 1255 2960 1787
0 1255 1363 1735
0 1255 3695 1787
0 1255 402 1793
0 1259 2657 1154
0 327 177 275
0 179 1177 20
0 179 1177 20
0 179 521 178
0 179 521 257
0 179 521 259
0 179 1822 1007
0 179 1822 175
0 179 1822 257
0 179 1822 993
0 179 1822 1005
0 1263 2637 1273
0 1268 842 1619
0 41 2892 1479
0 1271 53 1300
0 1272 3219 661
0 1273 3671 1577
0 1273 2637 1263
0 1274 3175 1551
0 1274 1735 1577
0 1274 1558 666
0 337 1781 1629
0 1277 2489 1673
0 1282 811 1591
0 1282 859 850
0 1282 304 1284
0 1284 304 1282
0 1285 249 1581
0 1285 3055 1581
0 1285 1114 1576
0 1285 1114 1659
0 1285 1114 1667
0 350 2218 361
0 350 2218 362
0 1288 2693 1312
0 304 2566 662
0 358 1619 712
0 1293 3485 1812
0 360 636 1297
0 360 636 1348
0 360 636 1390
0 360 636 1391
0 361 2218 350
0 361 2218 362
0 1295 752 1063
0 1295 3788 1063
0 1295 3788 1420
0 362 2218 350
0 362 2218 361
0 1296 866 1316
0 1297 636 360
0 1297 636 1348
0 1297 636 1390
0 1297 636 1391
0 44 1724 1252
0 370 1347 285
0 370 1347 1739
0 1300 53 1271
0 1301 172 1698
0 380 669 200
0 382 502 494
0 382 502 769
0 383 3752 166
0 1302 2458 1480
0 1302 65 1735
0 1302 1759 1117
0 1303 2454 1315
0 1303 2621 1477
0 46 1544 55
0 46 1544 55
0 1310 218 604
0 47 2075 110
0 47 2075 110
0 47 2072 16
0 47 2072 16
0 1312 2693 1288
0 1313 3626 807
0 1313 2326 807
0 396 3707 401
0 401 3707 396
0 1316 1755 1721
0 1316 926 1721
0 1316 866 1296
0 49 3154 60
0 49 3154 60
0 49 2301 60
0 49 2301 60
0 49 423 60
0 49 423 60
0 1320 1230 1090
0 1320 2593 1704
0 1320 2593 1762
0 1320 350 1029
0 1320 334 1113
0 386 206 104
0 386 206 104
0 1323 3581 1397
0 1323 3581 1640
0 423 3875 245
0 435 3322 1067
0 1341 846 1442
0 1343 2967 285
0 1348 636 360
0 1348 636 1297
0 1348 636 1390
0 1348 636 1391
0 1351 1421 1513
0 335 761 352
0 1357 44 1238
0 1357 44 1766
0 1357 1173 1030
0 1357 575 1780
0 1358 1403 282
0 464 3502 852
0 55 1544 46
0 55 1544 46
0 473 3592 162
0 474 2815 768
0 474 434 768
0 476 3204 877
0 60 3154 49
0 60 3154 49
0 60 2301 49
0 60 2301 49
0 60 423 49
0 60 423 49
0 486 1771 879
0 486 1253 154
0 486 1253 206
0 61 788 801
0 61 2136 103
0 61 2136 103
0 61 1964 103
0 61 1964 103
0 489 3932 99
0 489 3932 99
0 1315 2454 1303
0 491 2372 1106
0 491 3471 284
0 343 3688 1010
0 1363 1700 481
0 1363 278 481
0 1363 278 803
0 494 502 382
0 494 502 769
0 63 3338 807
0 514 2709 277
0 518 1250 1003
0 1387 2071 1742
0 1390 636 360
0 1390 636 1297
0 1390 636 1348
0 1390 636 1391
0 1391 636 360
0 1391 636 1297
0 1391 636 1348
0 1391 636 1390
0 1397 3581 1323
0 1397 3581 1640
0 539 2662 699
0 548 2618 582
0 1420 3788 1063
0 1420 3788 1295
0 1433 1012 1098
0 1433 3474 1098
0 1436 2022 1708
0 1436 2022 1783
0 1436 2999 1704
0 1436 2092 1069
0 1436 755 1044
0 481 278 1363
0 481 278 803
0 481 1700 1363
0 481 813 803
0 481 3098 803
0 481 1426 803
0 1442 846 1341
0 582 2618 548
0 583 1669 817
0 1447 2416 1227
0 1447 2416 1733
0 1447 588 1032
0 1437 3259 1835
0 595 924 718
0 604 218 1310
0 637 1092 272
0 1467 638 108
0 1467 638 108
0 639 208 890
0 646 1292 998
0 650 3278 106
0 650 3278 106
0 88 3694 1847
0 88 1865 1847
0 88 1865 1602
0 88 1007 1847
0 88 1007 1602
0 88 2905 1847
0 88 2905 1602
0 1477 2621 1303
0 661 3339 1555
0 661 3219 1272
0 1480 2458 1302
0 662 2566 304
0 1481 344 1698
0 666 1558 1274
0 672 2222 93
0 672 2222 93
0 234 1856 154
0 234 1856 217
0 1500 2522 1756
0 1500 2367 1018
0 92 1428 108
0 92 1428 108
0 93 2222 672
0 691 3870 216
0 691 3870 285
0 1509 2315 1155
0 1509 2315 1202
0 698 1529 706
0 699 2662 539
0 702 560 832
0 96 290 740
0 96 551 484
0 706 1529 698
0 1513 1421 1351
0 99 3932 489
0 718 924 595
0 719 1676 879
0 719 1676 206
0 719 1676 279
0 719 1676 310
0 719 2879 220
0 719 2879 237
0 719 2879 241
0 719 2879 253
0 719 2879 294
0 719 2879 307
0 719 1309 154
0 719 1309 171
0 719 1309 172
0 719 1309 206
0 719 1309 228
0 719 1309 307
0 719 1309 1001
0 719 1309 1010
0 724 2107 158
0 1523 1595 1642
0 1524 185 1044
0 1524 3566 1770
0 730 1533 992
0 730 1533 1239
0 103 2136 61
0 103 2136 61
0 103 1435 1236
0 103 1964 61
0 103 1964 61
0 1527 2860 1759
0 1527 446 1148
0 1527 446 1741
0 1527 446 1780
0 740 290 96
0 740 290 96
0 106 3278 650
0 749 2587 1100
0 749 2587 266
0 749 2587 1245
0 108 1428 92
0 108 1428 92
0 108 638 1467
0 1551 3175 1274
0 768 434 474
0 768 2815 474
0 769 502 382
0 769 502 494
0 1555 3339 661
0 774 1081 1101
0 1576 1114 1285
0 1576 1114 1659
0 1576 1114 1667
0 1577 3671 1273
0 1577 1735 1274
0 801 2787 6
0 801 2787 6
0 801 788 61
0 801 788 61
0 801 2786 28
0 801 2786 28
0 803 1426 481
0 803 813 481
0 803 278 1363
0 803 278 481
0 803 3098 481
0 1581 249 1285
0 1581 3055 1285
0 807 3338 63
0 807 3338 63
0 807 2326 1313
0 807 3626 1313
0 1589 247 1137
0 1591 811 1282
0 817 1669 583
0 818 2644 870
0 818 3049 870
0 818 2645 870
0 104 206 386
0 712 1619 358
0 832 560 702
0 1602 1536 1847
0 1602 1865 88
0 1602 1865 1847
0 1602 1865 88
0 1602 2905 88
0 1602 2905 1847
0 1602 2905 88
0 1602 1007 88
0 1602 1007 1847
0 1602 1007 88
0 1619 842 1268
0 850 859 1282
0 852 3502 464
0 124 366 1218
0 110 2075 47
0 110 2075 47
0 862 2606 979
0 1629 1781 337
0 869 1892 1112
0 870 2644 818
0 870 3049 818
0 870 2645 818
0 1640 3581 1323
0 1640 3581 1397
0 877 3204 476
0 1642 1595 1523
0 892 693 213
0 352 761 335
0 1659 1114 1285
0 1659 1114 1576
0 1659 1114 1667
0 890 208 639
0 1667 1114 1285
0 1667 1114 1576
0 1667 1114 1659
0 1673 2489 1277
0 1695 1999 962
0 1698 344 1481
0 1698 172 1301
0 962 1999 1695
0 140 1247 9
0 140 1247 9
0 140 568 29
0 140 568 29
0 140 1424 29
0 140 1424 29
0 1706 2674 1252
0 1708 3423 1716
0 1708 3670 1209
0 1708 2022 1436
0 1708 2022 1783
0 1708 1817 1018
0 977 2869 981
0 143 3918 1702
0 143 3918 1041
0 143 3918 1145
0 143 3918 1209
0 1724 1733 1748
0 1724 764 1156
0 1724 764 1065
0 1724 764 1174
0 981 2869 977
0 1727 644 1702
0 1727 644 1751
0 1733 2416 1227
0 1733 2416 1447
0 1734 3630 1043
0 1734 3630 1052
0 1734 3630 1073
0 1735 1363 1255
0 1735 65 1302
0 1738 2495 1140
0 1739 2793 1722
0 1739 2793 1130
0 1739 1347 285
0 1739 1347 370
0 1740 239 1104
0 1741 2253 1166
0 1741 2253 1190
0 1741 2253 1784
0 1741 1460 1030
0 1741 1460 275
0 1741 446 1148
0 1741 446 1527
0 1741 446 1780
0 1742 2071 1387
0 990 3117 1152
0 1743 2394 1021
0 1743 2468 167
0 1743 2468 998
0 1743 83 1173
0 1743 3269 1760
0 1747 3765 1065
0 1748 282 22
0 1748 282 22
0 1748 282 1760
0 1748 282 1793
0 1748 1134 1147
0 1748 1733 1724
0 1748 3442 1751
0 144 563 245
0 993 1385 213
0 993 1822 1007
0 993 1822 175
0 993 1822 257
0 993 1822 179
0 993 1822 1005
0 1751 477 1130
0 1751 3442 1748
0 1751 644 1702
0 1751 644 1727
0 994 841 147
0 994 841 147
0 994 3439 147
0 994 3439 147
0 1753 673 1178
0 1753 3737 1755
0 1755 3737 1753
0 1756 2522 1500
0 996 3638 10
0 996 3638 10
0 996 735 10
0 996 735 10
0 996 2139 10
0 996 2139 10
0 145 303 150
0 145 303 1155
0 145 303 150
0 145 2423 15
0 145 2423 15
0 145 2423 1237
0 145 3482 1702
0 145 1310 1179
0 145 2721 22
0 145 2721 1194
0 145 2721 22
0 145 869 276
0 145 869 279
0 145 869 310
0 145 2873 1029
0 145 2873 1174
0 145 849 1030
0 145 625 1084
0 1758 3000 235
0 998 1292 646
0 998 3356 167
0 998 977 167
0 998 977 280
0 998 2468 167
0 998 2468 1743
0 1759 2052 1041
0 1759 2860 1527
0 1759 1657 1716
0 1760 282 22
0 1760 282 22
0 1760 282 1748
0 1760 282 1793
0 1760 3269 1743
0 1760 653 1193
0 1762 2593 1704
0 1762 2593 1320
0 1763 3207 1140
0 1763 562 1136
0 1001 2085 154
0 1001 2085 171
0 1001 893 218
0 1001 893 206
0 1001 893 256
0 1001 893 275
0 1001 893 276
0 1001 893 279
0 1001 2660 301
0 1001 2234 171
0 1001 2234 194
0 1001 2234 879
0 1001 2234 172
0 1001 2234 217
0 1001 2234 253
0 1001 2234 1010
0 1001 1309 154
0 1001 1309 171
0 1001 1309 172
0 1001 1309 206
0 1001 1309 228
0 1001 1309 307
0 1001 1309 719
0 1001 1309 1010
0 1766 44 1238
0 1766 44 1357
0 146 3509 1121
0 146 2039 1721
0 147 841 994
0 147 3439 994
0 1002 2641 19
0 1002 2641 19
0 1003 1250 518
0 1770 3566 1524
0 1004 1042 484
0 1005 747 20
0 1005 747 20
0 1005 1822 1007
0 1005 1822 175
0 1005 1822 257
0 1005 1822 179
0 1005 1822 993
0 1775 1816 1189
0 1775 510 1189
0 1775 3604 1189
0 1006 1026 1093
0 1006 1246 1041
0 1780 3075 1148
0 1780 446 1148
0 1780 446 1527
0 1780 446 1741
0 1780 3381 1148
0 1780 575 1357
0 1780 3153 1148
0 1781 2797 1067
0 1782 1938 1023
0 1782 3352 1225
0 1782 3291 1232
0 1782 3913 1084
0 1782 3913 1222
0 1782 2034 1088
0 1782 1972 1225
0 1782 3814 15
0 1782 3814 15
0 1782 3478 1090
0 1782 3478 478
0 1782 3478 1225
0 1782 1673 1190
0 1783 2216 1193
0 1783 2022 1436
0 1783 2022 1708
0 1783 613 1021
0 1784 2253 1166
0 1784 2253 1190
0 1784 2253 1741
0 1784 2452 1094
0 1784 952 1020
0 1784 840 1198
0 1784 222 1715
0 1784 222 1076
0 1784 222 1793
0 1787 3695 1255
0 1787 2960 1255
0 150 303 145
0 150 303 1155
0 150 303 145
0 150 2819 15
0 150 2819 15
0 150 1011 15
0 150 1011 15
0 1793 2245 1076
0 1793 282 22
0 1793 282 22
0 1793 282 1748
0 1793 282 1760
0 1793 222 1715
0 1793 222 1076
0 1793 222 1784
0 1793 726 30
0 1793 726 30
0 1793 402 1255
0 1010 963 218
0 1010 963 206
0 1010 963 237
0 1010 963 253
0 1010 704 879
0 1010 704 172
0 1010 3688 343
0 1010 2234 171
0 1010 2234 194
0 1010 2234 879
0 1010 2234 172
0 1010 2234 217
0 1010 2234 253
0 1010 2234 1001
0 1010 1309 154
0 1010 1309 171
0 1010 1309 172
0 1010 1309 206
0 1010 1309 228
0 1010 1309 307
0 1010 1309 719
0 1010 1309 1001
0 1010 2420 154
0 1010 2420 171
0 1010 2420 172
0 1010 2420 228
0 1010 2420 241
1 1852 4850 1930
1 1852 4850 1930
1 1852 3937 1917
1 1852 3937 1917
1 1857 1460 257
1 1857 646 1209
1 1859 4296 2741
1 20 2545 1259
1 20 747 1005
1 15 5173 2309
1 15 5173 2368
1 15 5389 1232
1 15 3207 1751
1 15 1985 22
1 15 1985 2333
1 15 1985 1156
1 15 1985 22
1 15 3087 2350
1 15 893 1001
1 15 893 2350
1 15 893 276
1 15 893 256
1 15 1561 1724
1 15 2727 2350
1 15 2727 1217
1 2770 4762 2370
1 2770 5107 1976
1 2770 4629 1976
1 1866 2623 176
1 145 869 276
1 145 3188 2602
1 10 3651 2373
1 10 3651 1705
1 10 3651 2443
1 30 3658 2292
1 30 187 1902
1 30 187 1237
1 30 187 1902
1 30 3201 2389
1 30 2779 2763
1 22 3378 2400
1 22 457 2350
1 22 457 1217
1 22 4585 2423
1 22 4585 2429
1 22 1102 1113
1 22 1102 1047
1 22 1985 15
1 22 1985 2333
1 22 1985 1156
1 22 1985 15
1 22 1972 1018
1 22 1972 1155
1 22 1972 2008
1 22 1484 2429
1 103 4009 1904
1 103 4009 1904
1 4 4052 1901
1 4 4052 1901
1 12 2848 147
1 12 2848 147
1 1878 1139 1807
1 1878 1139 1807
1 2774 567 1577
1 25 1131 1972
1 35 1188 1942
1 1886 5536 2153
1 1886 5008 2788
1 1887 4174 2257
1 1807 1139 1878
1 1807 1139 1878
1 88 1007 1847
1 88 1007 1602
1 88 2290 1602
1 88 4262 2595
1 88 2905 1602
1 88 5053 1602
1 1892 4946 2653
1 71 3781 2077
1 1897 206 386
1 1897 206 2258
1 1900 4746 1911
1 1900 4746 1911
1 1901 4052 4
1 1901 4052 4
1 1902 187 30
1 1902 187 1237
1 1902 485 1237
1 1904 4009 103
1 1904 4009 103
1 1905 5493 2052
1 1905 1070 1462
1 1905 4688 2591
1 2788 5008 1886
1 2788 5008 1886
1 1911 4746 1900
1 1911 4746 1900
1 1847 1007 88
1 1847 1007 1602
1 1847 1007 88
1 1917 3937 1852
1 1917 3937 1852
1 1920 4471 2696
1 1850 1380 2801
1 2801 1380 1850
1 1856 4445 1966
1 147 2848 12
1 147 2848 12
1 147 841 994
1 147 3439 994
1 1930 4850 1852
1 1930 4850 1852
1 2331 259 1717
1 2331 259 2337
1 2331 894 2298
1 2331 3857 2400
1 2331 3857 1194
1 2331 2642 1145
1 1717 2521 2304
1 1717 2521 1179
1 1717 259 2331
1 1717 259 2337
1 2313 986 2387
1 1931 2259 2098
1 1931 75 2098
1 1852 4850 1930
1 1852 4850 1930
1 1852 3937 1917
1 1852 3937 1917
1 1023 1189 1113
1 1023 5149 2400
1 1023 865 1232
1 1023 865 2350
1 1023 865 2426
1 1023 1938 2366
1 1023 1647 1113
1 1023 1647 1191
1 2292 4865 2449
1 2292 3658 30
1 2292 2893 1043
1 2296 2587 1245
1 2296 2587 1970
1 2296 2587 1100
1 2296 2587 266
1 2296 2587 2624
1 2298 894 2331
1 2298 198 1076
1 2298 198 2602
1 2298 24 1147
1 2298 5563 2415
1 2298 3084 1715
1 2300 4036 2030
1 2304 4864 2571
1 2304 2521 1717
1 2304 2521 1179
1 2305 2367 1018
1 2307 4358 227
1 2307 5382 2342
1 2307 5382 227
1 1936 3417 310
1 1936 1028 1088
1 2309 600 275
1 2309 1316 2444
1 2309 3377 1357
1 2309 5173 15
1 2309 5173 15
1 2309 5173 2368
1 2312 4019 2322
1 1001 2420 154
1 1001 2420 1217
1 1001 2420 228
1 1001 2420 241
1 1001 2420 172
1 1001 893 15
1 1001 893 2350
1 1001 893 15
1 1001 893 276
1 1001 893 256
1 1001 1309 1940
1 1001 1309 1957
1 1001 1309 1991
1 1001 1253 307
1 1001 2234 1940
1 1001 2234 1957
1 1001 2234 217
1 1001 2234 486
1 1001 2234 172
1 1001 2234 2135
1 1295 752 1063
1 1940 2234 1001
1 1940 2234 1957
1 1940 2234 217
1 1940 2234 486
1 1940 2234 172
1 1940 2234 2135
1 1940 4066 1957
1 1940 4066 1959
1 1940 4066 1980
1 1940 4066 275
1 1940 4066 217
1 1940 1309 1001
1 1940 1309 1957
1 1940 1309 1991
1 2321 3571 2369
1 2322 4019 2312
1 2322 1378 2353
1 191 1453 154
1 191 1453 172
1 191 2816 2002
1 191 2816 241
1 191 2816 2019
1 191 2400 273
1 191 2400 1243
1 1117 182 2491
1 2326 2793 2181
1 1942 1188 35
1 1942 1188 35
1 2328 4195 1316
1 2328 5076 2616
1 1793 4064 2333
1 1793 726 1113
1 1793 726 1145
1 1793 726 2544
1 1793 726 2611
1 1793 4903 1179
1 1793 4903 1738
1 2332 3153 2449
1 2333 4064 1793
1 2333 1985 15
1 2333 1985 22
1 2333 1985 1156
1 2333 1985 15
1 2333 1985 22
1 1179 3630 2371
1 1179 4903 1793
1 1179 4903 1738
1 1179 5241 1190
1 1179 2091 1190
1 1179 2521 1717
1 1179 2521 2304
1 2335 2213 2355
1 2335 666 2400
1 1189 1310 2369
1 1189 1187 2418
1 2337 3184 2449
1 2337 5430 2366
1 2337 259 2331
1 2337 259 1717
1 2337 1789 2761
1 1857 1460 257
1 1857 646 1209
1 1859 4296 2741
1 2339 1040 2496
1 2340 623 2763
1 2340 3319 2008
1 2340 4500 1317
1 2340 4500 2768
1 2342 88 2366
1 2342 88 1193
1 2342 5382 2307
1 2342 5382 227
1 233 2237 2035
1 1946 432 1957
1 1946 432 307
1 1946 86 310
1 2344 686 2400
1 2344 503 2538
1 2344 4031 2597
1 2344 4031 2757
1 1137 247 1589
1 2347 1810 2651
1 2347 1810 2652
1 1947 3361 1002
1 1948 2572 1983
1 1948 2572 265
1 1948 4364 1965
1 1948 4376 1965
1 1948 455 1983
1 1052 2093 2456
1 2349 2216 2350
1 154 3783 172
1 154 2031 172
1 154 1856 1991
1 154 1856 217
1 154 2420 1001
1 154 2420 1217
1 154 2420 228
1 154 2420 241
1 154 2420 172
1 154 1453 191
1 154 1453 172
1 1225 3533 2400
1 1225 3024 2544
1 1225 3024 2602
1 1156 1847 1202
1 1156 1985 15
1 1156 1985 22
1 1156 1985 2333
1 1156 1985 15
1 1156 1985 22
1 1156 764 1738
1 1156 2012 2008
1 1156 137 2571
1 1232 5389 15
1 1232 5389 15
1 1232 1237 2423
1 1232 865 1023
1 1232 865 2350
1 1232 865 2426
1 1232 3288 1194
1 1232 2873 1217
1 2350 3087 15
1 2350 3087 15
1 2350 893 15
1 2350 893 1001
1 2350 893 15
1 2350 893 276
1 2350 893 256
1 2350 2216 2349
1 2350 4910 1094
1 2350 457 22
1 2350 457 1217
1 2350 457 22
1 2350 2727 15
1 2350 2727 15
1 2350 2727 1217
1 2350 865 1023
1 2350 865 1232
1 2350 865 2426
1 2350 5439 1094
1 20 2545 1259
1 20 747 1005
1 1094 2337 1237
1 1094 2337 2361
1 1094 2337 2423
1 1094 2337 2602
1 1094 2337 2611
1 1094 5439 2350
1 1094 4910 2350
1 15 5173 2309
1 15 5173 2368
1 15 5389 1232
1 15 3207 1751
1 15 1985 22
1 15 1985 2333
1 15 1985 1156
1 15 1985 22
1 15 3087 2350
1 15 893 1001
1 15 893 2350
1 15 893 276
1 15 893 256
1 15 1561 1724
1 15 2727 2350
1 15 2727 1217
1 1237 187 30
1 1237 187 1902
1 1237 187 1902
1 1237 2337 1094
1 1237 2337 2361
1 1237 2337 2423
1 1237 2337 2602
1 1237 2337 2611
1 1237 1230 2445
1 1237 485 1902
1 1237 485 1902
1 1237 396 2637
1 1217 2727 15
1 1217 2727 2350
1 1217 2727 15
1 1217 2873 1232
1 1217 2986 1979
1 1217 2986 2030
1 1217 2666 2447
1 1217 2420 1001
1 1217 2420 154
1 1217 2420 228
1 1217 2420 241
1 1217 2420 172
1 1217 457 22
1 1217 457 2350
1 1217 457 22
1 1005 747 20
1 1005 747 20
1 1005 3591 2456
1 2353 3852 478
1 2353 3852 275
1 2353 3852 1191
1 2353 3852 1007
1 2353 1378 2322
1 2355 2213 2335
1 2356 3284 1738
1 2356 3913 2444
1 2356 5477 2449
1 2359 1662 1172
1 2359 365 2406
1 2361 2314 2369
1 2361 1175 2371
1 2361 2337 1094
1 2361 2337 1237
1 2361 2337 2423
1 2361 2337 2602
1 2361 2337 2611
1 1715 3084 2298
1 1715 3437 1076
1 2366 5430 2337
1 2366 1938 1023
1 2366 88 2342
1 2366 88 1193
1 1955 3116 259
1 1245 2587 2296
1 1245 2587 1970
1 1245 2587 1100
1 1245 2587 266
1 1245 2587 2624
1 1022 1291 2494
1 1957 2190 308
1 1957 432 1946
1 1957 432 307
1 1957 3080 2226
1 1957 2879 241
1 1957 2879 307
1 1957 1309 1001
1 1957 1309 1940
1 1957 1309 1991
1 1957 2234 1001
1 1957 2234 1940
1 1957 2234 217
1 1957 2234 486
1 1957 2234 172
1 1957 2234 2135
1 1957 4066 1940
1 1957 4066 1959
1 1957 4066 1980
1 1957 4066 275
1 1957 4066 217
1 1255 1135 1198
1 2368 1992 1088
1 2368 1992 1113
1 2368 1992 1155
1 2368 5173 15
1 2368 5173 2309
1 2368 5173 15
1 2369 1310 1189
1 2369 2314 2361
1 2369 2678 1145
1 2369 3571 2321
1 2369 1816 2418
1 1959 3293 217
1 1959 3012 256
1 1959 2131 1992
1 1959 521 259
1 1959 521 2110
1 1959 4066 1940
1 1959 4066 1957
1 1959 4066 1980
1 1959 4066 275
1 1959 4066 217
1 2370 4762 2770
1 1259 2545 20
1 1259 2545 20
1 2371 3630 1179
1 2371 1175 2361
1 2371 3918 1209
1 2373 3103 1705
1 2373 1226 1705
1 2373 1226 2128
1 2373 4954 1210
1 2373 3651 10
1 2373 3651 1705
1 2373 3651 2443
1 228 295 486
1 228 295 2135
1 228 2420 1001
1 228 2420 154
1 228 2420 1217
1 228 2420 241
1 228 2420 172
1 1214 2349 1203
1 1214 2607 2413
1 1214 2607 2757
1 1214 808 1147
1 1214 4836 2413
1 1214 4836 1191
1 1214 1594 1147
1 1147 808 1214
1 1147 24 2298
1 1147 2382 2413
1 1147 1521 1198
1 1147 1594 1214
1 2376 5033 2445
1 2376 5033 2544
1 2376 5602 2456
1 2376 5602 2571
1 2376 5079 1738
1 2379 898 1194
1 1063 752 1295
1 2382 3683 1194
1 2382 3683 1210
1 1738 764 1156
1 1738 3284 2356
1 1738 5079 2376
1 1738 4903 1793
1 1738 4903 1179
1 1209 646 1857
1 1209 646 1857
1 1209 1300 257
1 1209 3918 2371
1 1209 3399 1155
1 1963 5571 2142
1 2387 986 2313
1 1965 4364 1948
1 1965 1319 271
1 1965 4197 1002
1 1965 4376 1948
1 1966 4445 1856
1 1966 4445 1856
1 1966 132 1974
1 1866 2623 176
1 227 5382 2307
1 227 5382 2342
1 227 4358 2307
1 2389 3201 30
1 2389 3758 2654
1 2389 2778 2429
1 1970 2587 2296
1 1970 2587 1245
1 1970 2587 1100
1 1970 2587 266
1 1970 2587 2624
1 1100 2587 2296
1 1100 2587 1245
1 1100 2587 1970
1 1100 2587 266
1 1100 2587 2624
1 1190 2091 1179
1 1190 5241 1179
1 1088 1992 2368
1 1088 1992 1113
1 1088 1992 1155
1 1088 1028 1936
1 1202 2084 1751
1 1202 1847 1156
1 257 3448 1971
1 257 3448 478
1 257 1300 1209
1 257 1458 1991
1 257 1458 275
1 257 1473 275
1 257 1460 1857
1 257 1460 1857
1 1971 3448 257
1 1971 3448 478
1 176 3505 994
1 176 2623 1866
1 176 2623 1866
1 478 3852 2353
1 478 3852 275
1 478 3852 1191
1 478 3852 1007
1 478 3448 257
1 478 3448 1971
1 1972 1131 25
1 1972 1131 25
1 1974 132 1966
1 1974 3938 740
1 1974 5336 326
1 1705 3006 1119
1 1705 1226 2373
1 1705 1226 2128
1 1705 3103 2373
1 1705 3651 10
1 1705 3651 2373
1 1705 3651 2443
1 1018 2367 2305
1 1018 1972 22
1 1018 1972 1155
1 1018 1972 2008
1 1018 1972 22
1 1976 5107 2770
1 1976 4629 2770
1 1113 1992 2368
1 1113 1992 1088
1 1113 1992 1155
1 1113 1189 1023
1 1113 1647 1023
1 1113 1647 1191
1 1113 726 1793
1 1113 726 1145
1 1113 726 2544
1 1113 726 2611
1 1113 1102 22
1 1113 1102 22
1 1113 1102 1047
1 1113 647 1191
1 145 869 276
1 145 3188 2602
1 2400 686 2344
1 2400 5149 1023
1 2400 3533 1225
1 2400 666 2335
1 2400 3857 2331
1 2400 3857 1194
1 2400 3378 22
1 2400 3378 22
1 1979 2986 1217
1 1979 2986 2030
1 1980 1791 2021
1 1980 2390 175
1 1980 4066 1940
1 1980 4066 1957
1 1980 4066 1959
1 1980 4066 275
1 1980 4066 217
1 1980 5119 259
1 273 3409 2164
1 273 3409 2244
1 273 2400 191
1 273 2400 1243
1 271 1319 1965
1 1172 1662 2359
1 1751 477 2423
1 1751 2084 1202
1 1751 3599 2008
1 1751 3207 15
1 1751 3207 15
1 1983 455 1948
1 1983 2572 1948
1 1983 2572 265
1 1243 2400 191
1 1243 2400 273
1 1985 4027 1196
1 2409 1395 2744
1 201 3592 1215
1 344 648 2257
1 2413 4836 1214
1 2413 4836 1191
1 2413 2382 1147
1 2413 2607 1214
1 2413 2607 2757
1 2415 5563 2298
1 2417 4454 2597
1 2417 2707 256
1 2418 1187 1189
1 2418 1816 2369
1 1119 3006 1705
1 1991 1856 154
1 1991 1856 217
1 1991 1458 257
1 1991 1458 275
1 1991 1309 1001
1 1991 1309 1940
1 1991 1309 1957
1 2423 477 1751
1 2423 1237 1232
1 2423 2337 1094
1 2423 2337 1237
1 2423 2337 2361
1 2423 2337 2602
1 2423 2337 2611
1 2423 4585 22
1 2423 4585 2429
1 2423 4585 22
1 1992 2342 2024
1 1992 2131 1959
1 2426 865 1023
1 2426 865 1232
1 2426 865 2350
1 1043 2893 2292
1 265 2572 1948
1 265 2572 1983
1 1076 3437 1715
1 1076 198 2298
1 1076 198 2602
1 326 2251 2011
1 326 5336 1974
1 2429 5597 2008
1 2429 2778 2389
1 2429 1484 22
1 2429 1484 22
1 2429 4585 22
1 2429 4585 2423
1 2429 4585 22
1 2001 2298 2257
1 2433 4927 2498
1 1155 1972 22
1 1155 1972 1018
1 1155 1972 2008
1 1155 1972 22
1 1155 3399 1209
1 1155 1992 2368
1 1155 1992 1088
1 1155 1992 1113
1 2002 2816 191
1 2002 2816 241
1 2002 2816 2019
1 2442 1173 2637
1 2443 3651 10
1 2443 3651 2373
1 2443 3651 1705
1 275 2286 256
1 275 1458 257
1 275 1458 1991
1 275 1473 257
1 275 600 2309
1 275 3852 2353
1 275 3852 478
1 275 3852 1191
1 275 3852 1007
1 275 4066 1940
1 275 4066 1957
1 275 4066 1959
1 275 4066 1980
1 275 4066 217
1 275 1960 2637
1 2444 3913 2356
1 2444 1316 2309
1 2445 2495 2544
1 2445 1230 1237
1 2445 5033 2376
1 2445 5033 2544
1 2008 5597 2429
1 2008 2012 1156
1 2008 3319 2340
1 2008 3599 1751
1 2008 1972 22
1 2008 1972 1018
1 2008 1972 1155
1 2008 1972 22
1 2447 2666 1217
1 2449 4865 2292
1 2449 5477 2356
1 2449 3184 2337
1 2449 3153 2332
1 1193 88 2342
1 1193 88 2366
1 241 2879 1957
1 241 2879 307
1 241 2420 1001
1 241 2420 154
1 241 2420 1217
1 241 2420 228
1 241 2420 172
1 241 2816 191
1 241 2816 2002
1 241 2816 2019
1 2011 2251 326
1 1357 3377 2309
1 213 3846 2530
1 217 3293 1959
1 217 1856 154
1 217 1856 1991
1 217 4066 1940
1 217 4066 1957
1 217 4066 1959
1 217 4066 1980
1 217 4066 275
1 217 2234 1001
1 217 2234 1940
1 217 2234 1957
1 217 2234 486
1 217 2234 172
1 217 2234 2135
1 2456 3591 1005
1 2456 2093 1052
1 2456 5602 2376
1 2456 5602 2571
1 2459 4382 2483
1 2463 4267 2593
1 2016 378 322
1 2016 3318 322
1 2018 5359 2039
1 259 3116 1955
1 259 5119 1980
1 259 3344 307
1 259 521 1959
1 259 521 2110
1 1194 898 2379
1 1194 3683 2382
1 1194 3683 1210
1 1194 3857 2331
1 1194 3857 2400
1 1194 3288 1232
1 276 893 15
1 276 893 1001
1 276 893 2350
1 276 893 15
1 276 893 256
1 276 869 145
1 276 869 145
1 256 893 15
1 256 893 1001
1 256 893 2350
1 256 893 15
1 256 893 276
1 256 2707 2417
1 256 3012 1959
1 256 2286 275
1 1145 2642 2331
1 1145 2678 2369
1 1145 726 1793
1 1145 726 1113
1 1145 726 2544
1 1145 726 2611
1 1203 2349 1214
1 1724 1561 15
1 1724 1561 15
1 2019 4479 2061
1 2019 4479 1007
1 2019 2816 191
1 2019 2816 2002
1 2019 2816 241
1 2019 2433 222
1 2469 2624 2597
1 2021 1791 1980
1 1603 5134 2498
1 1210 2951 1047
1 1210 5115 1047
1 1210 3159 203
1 1210 3683 2382
1 1210 3683 1194
1 1210 4954 2373
1 1210 4340 1047
1 1210 492 1047
1 1317 4500 2340
1 1317 4500 2768
1 22 3378 2400
1 22 457 2350
1 22 457 1217
1 22 4585 2423
1 22 4585 2429
1 22 1102 1113
1 22 1102 1047
1 22 1985 15
1 22 1985 2333
1 22 1985 1156
1 22 1985 15
1 22 1972 1018
1 22 1972 1155
1 22 1972 2008
1 22 1484 2429
1 103 4009 1904
1 103 4009 1904
1 486 2234 1001
1 486 2234 1940
1 486 2234 1957
1 486 2234 217
1 486 2234 172
1 486 2234 2135
1 486 295 228
1 486 295 2135
1 486 704 172
1 486 4627 2033
1 486 5298 2033
1 486 1771 2033
1 414 2395 2233
1 4 4052 1901
1 4 4052 1901
1 12 2848 147
1 12 2848 147
1 1047 2951 1210
1 1047 5115 1210
1 1047 492 1210
1 1047 4340 1210
1 1047 1886 327
1 1047 1886 2241
1 1047 1102 22
1 1047 1102 1113
1 1047 1102 22
1 1047 1182 371
1 1047 1182 2128
1 2024 2342 1992
1 1878 1139 1807
1 1878 1139 1807
1 310 3417 1936
1 310 86 1946
1 175 2390 1980
1 737 1371 2152
1 2483 4382 2459
1 1198 1521 1147
1 1198 1135 1255
1 307 432 1946
1 307 432 1957
1 307 3344 259
1 307 1253 1001
1 307 2879 1957
1 307 2879 241
1 1191 4836 1214
1 1191 4836 2413
1 1191 1647 1023
1 1191 1647 1113
1 1191 647 1113
1 1191 3852 2353
1 1191 3852 478
1 1191 3852 275
1 1191 3852 1007
1 323 832 514
1 25 1131 1972
1 2029 5314 2722
1 327 1886 1047
1 327 1886 2241
1 308 2190 1957
1 2491 182 1117
1 2491 5531 2227
1 2030 4036 2300
1 2030 2986 1217
1 2030 2986 1979
1 300 502 382
1 300 502 2248
1 2033 4627 486
1 2033 5298 486
1 2033 1771 486
1 2035 2237 233
1 1002 3361 1947
1 1002 4197 1965
1 1273 2637 2183
1 2039 5359 2018
1 2494 1291 1022
1 2494 5320 2498
1 2494 5320 1339
1 2494 2673 1240
1 2494 5089 1240
1 2494 5622 2206
1 2494 838 2498
1 2494 3326 1240
1 2494 1575 1240
1 2494 312 2498
1 2494 312 1240
1 2494 4432 1240
1 2494 3899 2498
1 2494 3899 1240
1 2494 1482 2498
1 2494 4492 2503
1 2494 5292 2503
1 2494 336 2498
1 2494 336 1240
1 1577 567 2774
1 172 2420 1001
1 172 2420 154
1 172 2420 1217
1 172 2420 228
1 172 2420 241
1 172 1453 191
1 172 1453 154
1 172 2031 154
1 172 3783 154
1 172 704 486
1 172 2234 1001
1 172 2234 1940
1 172 2234 1957
1 172 2234 217
1 172 2234 486
1 172 2234 2135
1 2496 1040 2339
1 2497 636 360
1 2497 636 1390
1 2498 1482 2494
1 2498 336 2494
1 2498 336 1240
1 2498 2397 1240
1 2498 312 2494
1 2498 312 1240
1 2498 3196 1240
1 2498 347 1240
1 2498 3401 1240
1 2498 5134 1603
1 2498 2753 1240
1 2498 2324 1240
1 2498 1050 1240
1 2498 4734 2503
1 2498 4386 1240
1 2498 5320 2494
1 2498 5320 1339
1 2498 4399 1240
1 2498 5530 2232
1 2498 4894 1240
1 2498 3459 1240
1 2498 573 1240
1 2498 4927 2433
1 2498 4160 1240
1 2498 5694 1240
1 2498 3899 2494
1 2498 3899 1240
1 2498 2060 1240
1 2498 1838 1240
1 2498 661 1240
1 2498 2341 1240
1 2498 838 2494
1 2498 36 1240
1 1602 1007 88
1 1602 1007 1847
1 1602 1007 88
1 1602 2905 88
1 1602 2905 88
1 1602 5053 88
1 1602 5053 88
1 1602 2290 88
1 1602 2290 88
1 2499 866 1316
1 2499 4834 2172
1 2503 5292 2494
1 2503 4734 2498
1 2503 4492 2494
1 2503 112 1240
1 203 3159 1210
1 203 5437 2164
1 1541 147 2680
1 1285 658 2147
1 1285 2910 2517
1 1285 2910 2747
1 1285 1114 1659
1 1285 1114 2739
1 2052 5493 1905
1 2052 5493 1905
1 371 1182 1047
1 371 1182 2128
1 382 502 300
1 382 502 2248
1 2515 5045 2618
1 222 2433 2019
1 35 1188 1942
1 2517 2910 1285
1 2517 2910 2747
1 386 206 1897
1 386 206 1897
1 386 206 2258
1 1589 247 1137
1 1240 4432 2494
1 1240 2341 2498
1 1240 4399 2498
1 1240 112 2503
1 1240 3899 2494
1 1240 3899 2498
1 1240 573 2498
1 1240 4160 2498
1 1240 5694 2498
1 1240 3459 2498
1 1240 36 2498
1 1240 661 2498
1 1240 793 2528
1 1240 2060 2498
1 1240 2753 2498
1 1240 1575 2494
1 1240 3401 2498
1 1240 347 2498
1 1240 312 2494
1 1240 312 2498
1 1240 336 2494
1 1240 336 2498
1 1240 3196 2498
1 1240 1838 2498
1 1240 2324 2498
1 1240 1050 2498
1 1240 2397 2498
1 1240 5089 2494
1 1240 4386 2498
1 1240 2673 2494
1 1240 3326 2494
1 1240 4894 2498
1 1886 5536 2153
1 1886 5008 2788
1 266 2587 2296
1 266 2587 1245
1 266 2587 1970
1 266 2587 1100
1 266 2587 2624
1 2528 793 1240
1 2530 3846 213
1 2072 1275 592
1 2538 503 2344
1 1316 866 2499
1 1316 4195 2328
1 322 3318 2016
1 322 378 2016
1 2544 2495 2445
1 2544 5033 2376
1 2544 5033 2445
1 2544 726 1793
1 2544 726 1113
1 2544 726 1145
1 2544 726 2611
1 2544 3024 1225
1 2544 3024 2602
1 2077 3781 71
1 2077 3781 71
1 1887 4174 2257
1 671 5111 2110
1 319 1870 2573
1 1462 1070 1905
1 1462 1070 1905
1 1462 4676 2591
1 1499 5462 2148
1 2084 5269 2122
1 2084 4299 2122
1 2548 1914 2730
1 2514 5672 1689
1 1196 4027 1985
1 2552 5618 1581
1 1339 5320 2494
1 1339 5320 2498
1 1807 1139 1878
1 1807 1139 1878
1 2571 137 1156
1 2571 4864 2304
1 2571 5602 2376
1 2571 5602 2456
1 2573 1870 319
1 2098 2259 1931
1 2098 75 1931
1 514 832 323
1 88 1007 1847
1 88 1007 1602
1 88 2290 1602
1 88 4262 2595
1 88 2905 1602
1 88 5053 1602
1 865 2821 2266
1 1892 4946 2653
1 2104 1217 741
1 71 3781 2077
1 393 4265 2144
1 2110 5111 671
1 2110 521 1959
1 2110 521 259
1 360 636 2497
1 360 636 1390
1 1659 1114 1285
1 1659 1114 2739
1 1581 5618 2552
1 1897 206 386
1 1897 206 2258
1 1689 5672 2514
1 2591 4676 1462
1 2591 4688 1905
1 2591 4688 1905
1 2593 4267 2463
1 2595 4262 88
1 2595 4262 88
1 2597 4031 2344
1 2597 4031 2757
1 2597 4454 2417
1 2597 2624 2469
1 1900 4746 1911
1 1900 4746 1911
1 1901 4052 4
1 1901 4052 4
1 2122 5269 2084
1 2122 4299 2084
1 1902 187 30
1 1902 187 1237
1 1902 485 1237
1 2602 198 2298
1 2602 198 1076
1 2602 3188 145
1 2602 3188 145
1 2602 3024 1225
1 2602 3024 2544
1 2602 2337 1094
1 2602 2337 1237
1 2602 2337 2361
1 2602 2337 2423
1 2602 2337 2611
1 2128 1182 1047
1 2128 1182 371
1 2128 5187 2241
1 2128 1226 2373
1 2128 1226 1705
1 1904 4009 103
1 1904 4009 103
1 2135 295 228
1 2135 295 486
1 2135 2234 1001
1 2135 2234 1940
1 2135 2234 1957
1 2135 2234 217
1 2135 2234 486
1 2135 2234 172
1 2142 5571 1963
1 1905 5493 2052
1 1905 1070 1462
1 1905 4688 2591
1 2611 726 1793
1 2611 726 1113
1 2611 726 1145
1 2611 726 2544
1 2611 2337 1094
1 2611 2337 1237
1 2611 2337 2361
1 2611 2337 2423
1 2611 2337 2602
1 2616 5076 2328
1 2144 4265 393
1 2618 5045 2515
1 2147 658 1285
1 2624 1397 2634
1 2624 2587 2296
1 2624 2587 1245
1 2624 2587 1970
1 2624 2587 1100
1 2624 2587 266
1 2152 1371 737
1 2061 4479 2019
1 2061 4479 1007
1 2153 5536 1886
1 2153 5536 1886
1 2634 1397 2624
1 2637 1173 2442
1 2637 1960 275
1 2637 396 1237
1 2164 3409 273
1 2164 3409 2244
1 2164 3432 2241
1 2164 5437 203
1 1007 3852 2353
1 1007 3852 478
1 1007 3852 275
1 1007 3852 1191
1 1007 4479 2019
1 1007 4479 2061
1 2643 192 2650
1 2172 4834 2499
1 2650 192 2643
1 2651 1810 2347
1 2651 1810 2652
1 2652 1810 2347
1 2652 1810 2651
1 2653 4946 1892
1 2653 4946 1892
1 2654 3758 2389
1 1692 1498 2754
1 740 3938 1974
1 2181 2793 2326
1 2183 2637 1273
1 1911 4746 1900
1 1911 4746 1900
1 2406 365 2359
1 2187 4662 2216
1 2680 147 1541
1 2206 5622 2494
1 741 1217 2104
1 1215 3592 201
1 1917 3937 1852
1 1917 3937 1852
1 2216 4662 2187
1 1920 4471 2696
1 2226 3080 1957
1 2705 185 2757
1 2227 5531 2491
1 2232 5530 2498
1 2233 2395 414
1 2241 3432 2164
1 2241 1886 1047
1 2241 1886 327
1 2241 5187 2128
1 1390 636 2497
1 1390 636 360
1 2244 3409 273
1 2244 3409 2164
1 2248 502 300
1 2248 502 382
1 2722 5314 2029
1 2696 4471 1920
1 2696 4471 1920
1 2730 1914 2548
1 2257 648 344
1 2257 4174 1887
1 2257 4174 1887
1 2257 2298 2001
1 2266 2821 865
1 2739 1114 1285
1 2739 1114 1659
1 2741 4296 1859
1 2741 4296 1859
1 2744 1395 2409
1 2148 5462 1499
1 2747 2910 1285
1 2747 2910 2517
1 2258 206 1897
1 2258 206 386
1 2258 206 1897
1 592 1275 2072
1 2754 1498 1692
1 2757 2607 1214
1 2757 2607 2413
1 2757 4031 2344
1 2757 4031 2597
1 2757 185 2705
1 2758 3967 2759
1 2758 3967 2760
1 2759 3967 2758
1 2759 3967 2760
1 2760 3967 2758
1 2760 3967 2759
1 2761 1789 2337
1 2763 2779 30
1 2763 623 2340
1 994 841 147
1 994 841 147
1 994 3505 176
1 994 3439 147
1 994 3439 147
1 1856 4445 1966
1 147 2848 12
1 147 2848 12
1 147 841 994
1 147 3439 994
1 1930 4850 1852
1 1930 4850 1852
1 2768 4500 2340
1 2768 4500 1317
