0 1 12 2848 147
0 1 12 2848 147
0 1 12 2622 1942
0 1 20 88 2342
0 1 20 88 2366
0 1 20 88 1193
0 1 20 747 1005
0 1 20 2545 1259
0 1 1 668 2647
0 1 1 1873 2647
0 1 1804 3044 2435
0 1 3 790 290
0 1 9 2573 1880
0 1 9 2573 1880
0 1 10 3827 2128
0 1 10 735 20
0 1 10 735 20
0 1 10 3159 1210
0 1 10 3159 203
0 1 10 589 273
0 1 11 569 1879
0 1 11 569 1879
0 1 15 3087 2350
0 1 15 1561 1724
0 1 15 2819 2611
0 1 15 79 1155
0 1 15 1011 1902
0 1 15 1011 1902
0 1 15 2423 1023
0 1 19 2641 1002
0 1 19 2623 1866
0 1 19 2623 1866
0 1 19 2623 176
0 1 19 1067 1983
0 1 19 226 16
0 1 19 226 16
0 1 19 3582 1930
0 1 19 3582 1930
0 1 22 3201 30
0 1 22 3201 2389
0 1 22 1985 15
0 1 22 1985 2333
0 1 22 1985 1156
0 1 22 1985 15
0 1 22 3378 2400
0 1 1805 3068 2257
0 1 28 2427 1864
0 1 28 2427 1864
0 1 28 1509 1878
0 1 28 1509 1878
0 1 30 2942 1094
0 1 30 3658 2292
0 1 30 726 1793
0 1 30 726 1113
0 1 30 726 1145
0 1 30 726 2544
0 1 30 726 2611
0 1 30 3345 1357
0 1 30 1361 1214
0 1 30 235 2389
0 1 33 731 7
0 1 33 731 7
0 1 33 839 1908
0 1 33 839 1908
0 1 34 2422 1974
0 1 35 1188 1942
0 1 36 3096 1974
0 1 37 1811 2075
0 1 37 1382 1860
0 1 37 1382 1860
0 1 40 1968 2399
0 1 41 3045 1864
0 1 41 3045 1864
0 1 25 1131 1972
0 1 47 2075 110
0 1 47 2075 110
0 1 49 3154 60
0 1 49 3154 60
0 1 49 423 60
0 1 49 423 60
0 1 1812 3485 1293
0 1 1812 1517 1063
0 1 61 788 1821
0 1 61 788 1821
0 1 61 1100 103
0 1 61 1100 103
0 1 61 1964 103
0 1 61 1964 103
0 1 65 3596 2773
0 1 65 3106 2773
0 1 65 3722 1879
0 1 65 3722 1879
0 1 67 1323 2001
0 1 67 2983 2107
0 1 67 1449 2107
0 1 71 3781 2077
0 1 88 3794 1602
0 1 88 1865 1602
0 1 88 1007 1847
0 1 88 1007 1602
0 1 88 2905 1602
0 1 1831 2354 1876
0 1 1831 2354 1876
0 1 93 2222 2011
0 1 96 2298 2001
0 1 96 2298 2257
0 1 96 290 740
0 1 96 551 484
0 1 99 2529 2001
0 1 103 1435 1807
0 1 103 1435 1807
0 1 111 2901 1866
0 1 111 2901 1866
0 1 104 206 1897
0 1 104 206 386
0 1 104 206 1897
0 1 104 206 2258
0 1 124 366 2455
0 1 129 1548 1885
0 1 129 1548 1885
0 1 1847 3576 1602
0 1 1847 1007 88
0 1 1847 1007 1602
0 1 1847 1007 88
0 1 1847 2905 88
0 1 1847 2905 1602
0 1 1847 2905 88
0 1 1847 2290 88
0 1 1847 2290 1602
0 1 1847 2290 88
0 1 1847 392 88
0 1 1847 392 88
0 1 1847 1865 1602
0 1 1850 1380 2801
0 1 142 997 2375
0 1 143 3918 2371
0 1 143 3918 1209
0 1 145 303 15
0 1 145 303 15
0 1 145 2423 1023
0 1 145 3482 2379
0 1 145 1310 1189
0 1 145 1310 2369
0 1 145 869 276
0 1 145 2873 1232
0 1 145 2873 1217
0 1 145 623 2340
0 1 145 623 2763
0 1 146 3509 1121
0 1 146 2039 1480
0 1 147 841 994
0 1 147 3439 994
0 1 148 1180 2297
0 1 148 3347 2354
0 1 150 303 15
0 1 150 303 15
0 1 150 2819 2611
0 1 150 1011 1902
0 1 150 1011 1902
0 1 1702 3918 2371
0 1 1702 3918 1209
0 1 1702 644 1751
0 1 1702 3482 2379
0 1 1057 3127 2310
0 1 1057 1316 2309
0 1 1057 1316 2444
0 1 1057 174 1191
0 1 1704 2593 2318
0 1 1704 3890 2415
0 1 218 3293 1959
0 1 218 3293 217
0 1 218 963 1940
0 1 218 893 15
0 1 218 893 1001
0 1 218 893 2350
0 1 218 893 15
0 1 218 893 276
0 1 218 893 256
0 1 1531 224 458
0 1 1705 1130 2413
0 1 1705 3006 1119
0 1 1705 3103 2373
0 1 1705 3651 10
0 1 1705 3651 2373
0 1 1705 3651 2443
0 1 1705 3530 2373
0 1 1062 1810 2347
0 1 1062 1810 2651
0 1 1062 1810 2652
0 1 1062 192 2643
0 1 1062 192 2650
0 1 969 215 2607
0 1 155 1791 1980
0 1 155 1791 2021
0 1 155 215 2607
0 1 155 2131 1959
0 1 155 2131 1992
0 1 970 3103 2373
0 1 970 3103 1705
0 1 1090 3786 1023
0 1 1090 1230 1237
0 1 1090 1230 2445
0 1 1090 3478 2423
0 1 1148 3075 2305
0 1 1148 3153 2332
0 1 1148 3153 2449
0 1 1148 3381 2343
0 1 1148 446 2305
0 1 624 2259 1931
0 1 624 2259 2098
0 1 624 75 1931
0 1 624 75 2098
0 1 1709 1872 2381
0 1 1709 1073 2453
0 1 1709 1689 1237
0 1 1044 185 2705
0 1 1044 185 2757
0 1 1710 3285 2527
0 1 1479 1210 2271
0 1 1134 2055 1063
0 1 1134 652 1063
0 1 934 467 2487
0 1 478 3448 257
0 1 478 3448 1971
0 1 478 3852 2353
0 1 478 3852 275
0 1 478 3852 1191
0 1 478 3852 1007
0 1 478 3478 2423
0 1 1714 2084 1202
0 1 1714 2084 1751
0 1 1714 3319 2340
0 1 1714 3319 2008
0 1 1714 3377 2309
0 1 1714 3377 1357
0 1 1714 1925 1203
0 1 154 3783 172
0 1 154 295 228
0 1 154 295 486
0 1 154 295 2135
0 1 154 1856 1991
0 1 154 1856 217
0 1 154 2420 1001
0 1 154 2420 1217
0 1 154 2420 228
0 1 154 2420 241
0 1 154 2420 172
0 1 154 1309 1001
0 1 154 1309 1940
0 1 154 1309 1957
0 1 154 1309 1991
0 1 154 1253 1001
0 1 154 1253 307
0 1 154 2085 1001
0 1 1715 222 1793
0 1 1715 3084 2298
0 1 1715 898 2379
0 1 1715 898 1194
0 1 1715 2342 1992
0 1 1715 2342 2024
0 1 1063 752 1295
0 1 1063 1769 1134
0 1 1716 2778 2389
0 1 1716 2778 2429
0 1 1716 3274 1190
0 1 1716 1593 1179
0 1 1716 3529 1738
0 1 1716 215 2607
0 1 1717 2521 2304
0 1 1717 2521 1179
0 1 1718 3489 2329
0 1 1022 986 2313
0 1 1022 986 2387
0 1 1022 3374 1215
0 1 1022 1776 2568
0 1 1022 1395 2409
0 1 1022 1395 2744
0 1 978 1432 2005
0 1 978 3846 213
0 1 978 3846 2530
0 1 1113 334 2368
0 1 1113 1189 1023
0 1 1113 2382 1147
0 1 1113 2382 2413
0 1 1113 1647 1023
0 1 1113 1647 1191
0 1 1113 84 1023
0 1 1113 1992 2368
0 1 1113 1992 1088
0 1 1113 1992 1155
0 1 1113 647 1191
0 1 1113 2349 1214
0 1 1113 2349 1203
0 1 531 548 484
0 1 1092 1175 2361
0 1 1092 1175 2371
0 1 1092 3590 2358
0 1 1092 1719 2323
0 1 1720 3827 2128
0 1 1720 1182 1047
0 1 1720 1182 371
0 1 1720 1182 2128
0 1 191 2816 2002
0 1 191 2816 241
0 1 191 2816 2019
0 1 191 2400 273
0 1 191 2400 1243
0 1 191 1453 154
0 1 191 1453 172
0 1 1721 1755 2491
0 1 1721 688 1117
0 1 1721 2039 1480
0 1 1722 1378 2322
0 1 1722 1378 2353
0 1 1722 2407 2333
0 1 1722 281 2024
0 1 1722 2793 2326
0 1 1722 2793 2181
0 1 1117 182 2491
0 1 1725 2268 1063
0 1 1094 1300 1209
0 1 1094 1300 257
0 1 1094 3087 15
0 1 1094 3087 2350
0 1 1094 3087 15
0 1 1094 3750 2611
0 1 1094 457 22
0 1 1094 457 2350
0 1 1094 457 1217
0 1 1094 457 22
0 1 1094 214 2350
0 1 1094 2337 1237
0 1 1094 2337 2361
0 1 1094 2337 2423
0 1 1094 2337 2602
0 1 1094 2337 2611
0 1 1094 3437 1715
0 1 1094 3437 1076
0 1 1020 3008 1113
0 1 1020 952 2611
0 1 1020 1237 1232
0 1 1020 1237 2423
0 1 1020 1189 1023
0 1 1020 1189 1113
0 1 1020 2117 1094
0 1 1020 2436 1237
0 1 1156 764 1738
0 1 1156 2012 2008
0 1 1156 1847 1202
0 1 1728 3715 2415
0 1 1729 1960 275
0 1 1729 1960 2637
0 1 1729 137 1156
0 1 1729 137 2571
0 1 1729 3560 2369
0 1 1731 814 2457
0 1 1193 653 1738
0 1 1193 88 2342
0 1 1193 88 2366
0 1 1193 2203 2400
0 1 1193 2216 2349
0 1 1193 2216 2350
0 1 1193 3377 2309
0 1 1193 3377 1357
0 1 1030 1460 1857
0 1 1030 1460 1857
0 1 1030 1460 257
0 1 1030 1173 2442
0 1 1030 1173 2637
0 1 1030 2342 1992
0 1 1030 2342 2024
0 1 1030 214 2350
0 1 1030 2457 2309
0 1 1173 1073 2453
0 1 1173 1009 227
0 1 1173 574 2300
0 1 1173 3377 2309
0 1 1173 3377 1357
0 1 171 1309 1001
0 1 171 1309 1940
0 1 171 1309 1957
0 1 171 1309 1991
0 1 171 3627 154
0 1 171 295 228
0 1 171 295 486
0 1 171 295 2135
0 1 171 2420 1001
0 1 171 2420 154
0 1 171 2420 1217
0 1 171 2420 228
0 1 171 2420 241
0 1 171 2420 172
0 1 171 2234 1001
0 1 171 2234 1940
0 1 171 2234 1957
0 1 171 2234 217
0 1 171 2234 486
0 1 171 2234 172
0 1 171 2234 2135
0 1 171 1453 191
0 1 171 1453 154
0 1 171 1453 172
0 1 171 2085 1001
0 1 171 3783 154
0 1 171 3783 172
0 1 260 3593 2288
0 1 1182 198 2298
0 1 1182 198 1076
0 1 1182 198 2602
0 1 195 2040 1957
0 1 195 3293 1959
0 1 195 3293 217
0 1 1203 2349 1214
0 1 1203 1484 22
0 1 1203 1484 2429
0 1 1203 1484 22
0 1 1203 1322 2429
0 1 1203 3852 2353
0 1 1203 3852 478
0 1 1203 3852 275
0 1 1203 3852 1191
0 1 1203 3852 1007
0 1 992 800 1992
0 1 992 3116 1955
0 1 992 3116 259
0 1 992 2131 1959
0 1 992 2131 1992
0 1 484 1042 2015
0 1 1754 503 2344
0 1 1754 503 2538
0 1 12 2848 147
0 1 12 2848 147
0 1 12 2622 1942
0 1 1018 1817 2657
0 1 1018 2367 2305
0 1 1018 3378 22
0 1 1018 3378 2400
0 1 1018 3378 22
0 1 213 693 892
0 1 213 3715 2415
0 1 213 3846 2530
0 1 20 88 2342
0 1 20 88 2366
0 1 20 88 1193
0 1 20 747 1005
0 1 20 2545 1259
0 1 1127 894 2331
0 1 1127 894 2298
0 1 1127 2117 1094
0 1 1127 2436 1237
0 1 1127 865 1023
0 1 1127 865 1232
0 1 1127 865 2350
0 1 1127 865 2426
0 1 1127 3533 1225
0 1 1127 3533 2400
0 1 1069 2092 2326
0 1 194 2234 1001
0 1 194 2234 1940
0 1 194 2234 1957
0 1 194 2234 217
0 1 194 2234 486
0 1 194 2234 172
0 1 194 2234 2135
0 1 879 2234 1001
0 1 879 2234 1940
0 1 879 2234 1957
0 1 879 2234 217
0 1 879 2234 486
0 1 879 2234 172
0 1 879 2234 2135
0 1 879 1587 1940
0 1 879 1676 310
0 1 879 2369 217
0 1 879 1771 486
0 1 879 1771 2033
0 1 879 2185 153
0 1 879 704 486
0 1 879 704 172
0 1 1017 3758 2389
0 1 1017 3758 2654
0 1 1019 3591 1005
0 1 1019 3591 2456
0 1 1019 857 1018
0 1 1019 852 2331
0 1 1021 1884 2413
0 1 1021 613 2757
0 1 1021 894 2331
0 1 1021 894 2298
0 1 1021 2394 2763
0 1 1023 3378 22
0 1 1023 3378 2400
0 1 1023 3378 22
0 1 1023 1189 1113
0 1 1023 1647 1113
0 1 1023 1647 1191
0 1 1023 1938 2366
0 1 1029 67 1217
0 1 1029 3714 2456
0 1 1029 2084 1202
0 1 1029 2084 1751
0 1 1029 2873 1232
0 1 1029 2873 1217
0 1 1029 1237 1232
0 1 1029 1237 2423
0 1 1029 350 2429
0 1 1029 2402 1198
0 1 1029 2609 1191
0 1 1031 1528 2439
0 1 1031 544 2541
0 1 1032 588 1858
0 1 1032 588 1858
0 1 159 3087 15
0 1 159 3087 2350
0 1 159 3087 15
0 1 1038 2213 2335
0 1 1038 2213 2355
0 1 1040 618 1113
0 1 1040 2280 2761
0 1 1040 223 1751
0 1 162 3592 201
0 1 162 3592 1215
0 1 163 1261 1990
0 1 1041 2052 2312
0 1 1041 3918 2371
0 1 1041 3918 1209
0 1 1041 1246 1006
0 1 1043 2893 2292
0 1 1043 3630 1179
0 1 1043 3630 2371
0 1 1043 737 1357
0 1 1043 3658 30
0 1 1043 3658 2292
0 1 1047 3159 1210
0 1 1047 3159 203
0 1 1047 492 1210
0 1 1047 2951 1210
0 1 1 668 2647
0 1 1 1873 2647
0 1 166 3752 158
0 1 1052 2093 2456
0 1 1052 3630 1179
0 1 1052 3630 2371
0 1 1052 3532 2317
0 1 167 1261 1990
0 1 167 2468 1997
0 1 1061 1847 1156
0 1 1061 1847 1202
0 1 1061 1746 2376
0 1 172 2420 1001
0 1 172 2420 154
0 1 172 2420 1217
0 1 172 2420 228
0 1 172 2420 241
0 1 172 2234 1001
0 1 172 2234 1940
0 1 172 2234 1957
0 1 172 2234 217
0 1 172 2234 486
0 1 172 2234 2135
0 1 172 1453 191
0 1 172 1453 154
0 1 172 1309 1001
0 1 172 1309 1940
0 1 172 1309 1957
0 1 172 1309 1991
0 1 172 2031 154
0 1 172 3783 154
0 1 172 704 486
0 1 1065 3188 145
0 1 1065 3188 145
0 1 1065 3188 2602
0 1 1065 3765 2389
0 1 1065 198 2298
0 1 1065 198 1076
0 1 1065 198 2602
0 1 1065 764 1156
0 1 1065 764 1738
0 1 1065 114 2456
0 1 1066 117 2372
0 1 1067 2588 1978
0 1 1067 1291 1022
0 1 1067 1291 2494
0 1 175 3054 1980
0 1 175 3080 1957
0 1 175 3080 2226
0 1 1071 3127 2310
0 1 1071 2595 2342
0 1 1072 3006 1705
0 1 1072 3006 1119
0 1 1072 1226 2373
0 1 1072 1226 1705
0 1 1072 1226 2128
0 1 1072 1290 1047
0 1 1072 3519 2426
0 1 1073 3630 1179
0 1 1073 3630 2371
0 1 1073 2388 2304
0 1 1075 1867 1022
0 1 1075 1040 2339
0 1 1075 1040 2496
0 1 1076 1767 1179
0 1 1076 222 1793
0 1 1079 950 2439
0 1 178 521 1959
0 1 178 521 259
0 1 178 521 2110
0 1 178 118 2398
0 1 178 3080 1957
0 1 178 3080 2226
0 1 178 3846 213
0 1 178 3846 2530
0 1 1082 138 2374
0 1 1084 3913 2356
0 1 1084 3913 2444
0 1 1084 3345 1357
0 1 1088 646 1857
0 1 1088 646 1857
0 1 1088 646 1209
0 1 1097 1694 2468
0 1 1098 1012 2422
0 1 1098 3474 2422
0 1 1100 2587 2296
0 1 1100 2587 1245
0 1 1100 2587 1970
0 1 1100 2587 266
0 1 1100 2587 2624
0 1 1101 1081 1193
0 1 1101 2303 2241
0 1 1101 492 1210
0 1 1101 492 1047
0 1 3 790 290
0 1 189 600 2309
0 1 189 600 275
0 1 189 2513 1007
0 1 189 2875 2361
0 1 1102 3705 2420
0 1 1107 2912 2466
0 1 1108 987 1042
0 1 1109 987 1042
0 1 1110 119 2708
0 1 1110 2952 2708
0 1 1110 3933 2708
0 1 1111 2538 2439
0 1 1111 666 2335
0 1 1111 666 2400
0 1 1112 1892 869
0 1 1114 259 2331
0 1 1114 259 1717
0 1 1114 259 2337
0 1 1114 1871 2605
0 1 1115 2450 2364
0 1 1116 1464 240
0 1 1116 431 1526
0 1 1118 3651 10
0 1 1118 3651 2373
0 1 1118 3651 1705
0 1 1118 3651 2443
0 1 1119 3288 1232
0 1 1119 3288 1194
0 1 1119 3006 1705
0 1 1119 3530 2373
0 1 1120 1071 2367
0 1 1126 3101 2609
0 1 203 3432 2164
0 1 203 3432 2241
0 1 204 699 2494
0 1 205 3316 1977
0 1 205 1473 257
0 1 205 1473 275
0 1 1130 1704 2312
0 1 1130 2793 2326
0 1 1130 2793 2181
0 1 1130 477 1751
0 1 1130 477 2423
0 1 1130 2407 2333
0 1 206 963 1940
0 1 206 1309 1001
0 1 206 1309 1940
0 1 206 1309 1957
0 1 206 1309 1991
0 1 206 1253 1001
0 1 206 1253 307
0 1 206 893 15
0 1 206 893 1001
0 1 206 893 2350
0 1 206 893 15
0 1 206 893 276
0 1 206 893 256
0 1 206 1676 310
0 1 1132 2364 2331
0 1 1132 137 1156
0 1 1132 137 2571
0 1 1132 1378 2322
0 1 1132 1378 2353
0 1 1132 3831 1145
0 1 1133 1838 2498
0 1 1133 1838 1240
0 1 1133 2223 2528
0 1 212 3133 275
0 1 1135 2450 2364
0 1 1136 67 1217
0 1 1136 3831 1145
0 1 1136 1102 22
0 1 1136 1102 1113
0 1 1136 1102 22
0 1 1136 1102 1047
0 1 1136 1581 1023
0 1 1136 686 2344
0 1 1136 686 2400
0 1 1136 562 2331
0 1 1137 247 1589
0 1 1138 2772 2315
0 1 1140 3094 2351
0 1 1140 2778 2389
0 1 1140 2778 2429
0 1 1140 3207 15
0 1 1140 3207 15
0 1 1140 3207 1751
0 1 1140 1378 2322
0 1 1140 1378 2353
0 1 1140 2495 2445
0 1 1140 2495 2544
0 1 1142 1130 2413
0 1 1145 2642 2331
0 1 1145 1932 2368
0 1 1145 2412 30
0 1 1145 528 2380
0 1 1145 3918 2371
0 1 1145 3918 1209
0 1 1145 1992 2368
0 1 1145 1992 1088
0 1 1145 1992 1113
0 1 1145 1992 1155
0 1 1147 2615 1113
0 1 1147 24 2298
0 1 1147 2382 2413
0 1 1147 808 1214
0 1 1147 1872 2381
0 1 216 600 2309
0 1 216 600 275
0 1 217 3293 1959
0 1 217 2234 1001
0 1 217 2234 1940
0 1 217 2234 1957
0 1 217 2234 486
0 1 217 2234 172
0 1 217 2234 2135
0 1 217 1856 154
0 1 217 1856 1991
0 1 220 432 1946
0 1 220 432 1957
0 1 220 432 307
0 1 220 2879 1957
0 1 220 2879 241
0 1 220 2879 307
0 1 222 3102 2238
0 1 222 3645 259
0 1 222 2390 1980
0 1 222 2390 175
0 1 222 2433 2019
0 1 222 631 1980
0 1 222 800 1992
0 1 1155 786 2611
0 1 1155 303 15
0 1 1155 303 15
0 1 1155 3399 1209
0 1 1155 2247 1225
0 1 227 2185 153
0 1 228 1309 1001
0 1 228 1309 1940
0 1 228 1309 1957
0 1 228 1309 1991
0 1 228 2420 1001
0 1 228 2420 154
0 1 228 2420 1217
0 1 228 2420 241
0 1 228 2420 172
0 1 228 295 486
0 1 228 295 2135
0 1 228 3783 154
0 1 228 3783 172
0 1 229 2508 1005
0 1 1161 2624 2469
0 1 1161 2624 2597
0 1 1161 123 2460
0 1 233 2237 2035
0 1 1166 2253 1179
0 1 1166 174 1191
0 1 1166 3890 2415
0 1 9 2573 1880
0 1 9 2573 1880
0 1 1167 3190 2544
0 1 1167 1853 2290
0 1 10 3827 2128
0 1 10 735 20
0 1 10 735 20
0 1 10 3159 1210
0 1 10 3159 203
0 1 10 589 273
0 1 236 2498 2000
0 1 237 2879 1957
0 1 237 2879 241
0 1 237 2879 307
0 1 237 2448 1940
0 1 237 963 1940
0 1 11 569 1879
0 1 11 569 1879
0 1 1168 2995 2518
0 1 238 2689 1947
0 1 239 3498 1868
0 1 239 3498 1868
0 1 1172 1041 2599
0 1 1172 1662 2359
0 1 241 2879 1957
0 1 241 2879 307
0 1 241 2420 1001
0 1 241 2420 154
0 1 241 2420 1217
0 1 241 2420 228
0 1 241 2420 172
0 1 241 2816 191
0 1 241 2816 2002
0 1 241 2816 2019
0 1 1174 2873 1232
0 1 1174 2873 1217
0 1 1174 1789 2337
0 1 1174 1789 2761
0 1 1174 764 1156
0 1 1174 764 1738
0 1 1176 1168 1859
0 1 1176 1168 1859
0 1 242 915 2086
0 1 1179 498 2417
0 1 1179 1310 1189
0 1 1179 1310 2369
0 1 1179 388 1190
0 1 15 3087 2350
0 1 15 1561 1724
0 1 15 2819 2611
0 1 15 79 1155
0 1 15 1011 1902
0 1 15 1011 1902
0 1 15 2423 1023
0 1 1184 1135 1255
0 1 1184 1135 1198
0 1 1184 3268 1179
0 1 1184 2466 259
0 1 1185 2526 1119
0 1 249 2845 2021
0 1 250 2845 2021
0 1 253 395 241
0 1 253 2234 1001
0 1 253 2234 1940
0 1 253 2234 1957
0 1 253 2234 217
0 1 253 2234 486
0 1 253 2234 172
0 1 253 2234 2135
0 1 253 3344 259
0 1 253 3344 307
0 1 253 1587 1940
0 1 253 2879 1957
0 1 253 2879 241
0 1 253 2879 307
0 1 253 963 1940
0 1 255 3541 1980
0 1 255 493 1959
0 1 255 1028 1936
0 1 255 1028 1088
0 1 255 1791 1980
0 1 255 1791 2021
0 1 255 2652 2376
0 1 256 2707 2417
0 1 256 893 15
0 1 256 893 1001
0 1 256 893 2350
0 1 256 893 15
0 1 256 893 276
0 1 256 3012 1959
0 1 256 1791 1980
0 1 256 1791 2021
0 1 256 2286 275
0 1 257 2185 153
0 1 257 3155 1936
0 1 257 1214 275
0 1 257 2115 275
0 1 257 1300 1209
0 1 257 1473 275
0 1 257 2286 275
0 1 257 2286 256
0 1 257 631 1980
0 1 257 521 1959
0 1 257 521 259
0 1 257 521 2110
0 1 257 3852 2353
0 1 257 3852 478
0 1 257 3852 275
0 1 257 3852 1191
0 1 257 3852 1007
0 1 258 1028 1936
0 1 258 1028 1088
0 1 259 3647 1936
0 1 259 521 1959
0 1 259 521 2110
0 1 259 2986 1217
0 1 259 2986 1979
0 1 259 2986 2030
0 1 259 3344 307
0 1 259 3133 275
0 1 261 3594 2370
0 1 1189 3604 2761
0 1 1189 1992 2368
0 1 1189 1992 1088
0 1 1189 1992 1113
0 1 1189 1992 1155
0 1 1189 510 2369
0 1 1189 1187 2418
0 1 1189 2678 2369
0 1 1189 2678 1145
0 1 1189 1816 2369
0 1 1189 1816 2418
0 1 1190 1673 1179
0 1 1190 2253 1179
0 1 1190 2091 1179
0 1 1191 1647 1023
0 1 1191 1647 1113
0 1 1191 3268 1179
0 1 1191 3852 2353
0 1 1191 3852 478
0 1 1191 3852 275
0 1 1191 3852 1007
0 1 1194 214 2350
0 1 1194 162 1209
0 1 1194 1581 1023
0 1 1194 1668 2768
0 1 19 2641 1002
0 1 19 2623 1866
0 1 19 2623 1866
0 1 19 2623 176
0 1 19 1067 1983
0 1 19 226 16
0 1 19 226 16
0 1 19 3582 1930
0 1 19 3582 1930
0 1 1196 3007 2472
0 1 1198 1521 1147
0 1 1198 235 2389
0 1 1198 1135 1255
0 1 1198 3008 1113
0 1 265 2333 1983
0 1 265 2572 1948
0 1 265 2572 1983
0 1 265 455 1948
0 1 265 455 1983
0 1 266 2587 2296
0 1 266 2587 1245
0 1 266 2587 1970
0 1 266 2587 1100
0 1 266 2587 2624
0 1 1200 2723 2350
0 1 1200 862 2379
0 1 1200 3827 2128
0 1 1200 2105 2241
0 1 22 3201 30
0 1 22 3201 2389
0 1 22 1985 15
0 1 22 1985 2333
0 1 22 1985 1156
0 1 22 1985 15
0 1 22 3378 2400
0 1 1202 2412 30
0 1 1202 2315 1155
0 1 1202 3188 145
0 1 1202 3188 145
0 1 1202 3188 2602
0 1 1202 1668 2768
0 1 1202 1847 1156
0 1 1202 2084 1751
0 1 270 3727 2110
0 1 271 1319 1965
0 1 1209 1175 2361
0 1 1209 1175 2371
0 1 1209 3918 2371
0 1 1209 1484 22
0 1 1209 1484 2429
0 1 1209 1484 22
0 1 1209 627 2361
0 1 1210 3683 2382
0 1 1210 3683 1194
0 1 1210 2951 1047
0 1 273 3409 2164
0 1 273 3409 2244
0 1 273 2400 191
0 1 273 2400 1243
0 1 1214 808 1147
0 1 1214 1668 2768
0 1 1214 1233 1198
0 1 1214 2382 1147
0 1 1214 2382 2413
0 1 1214 1594 1147
0 1 1214 2607 2413
0 1 1214 2607 2757
0 1 275 1028 1936
0 1 275 1028 1088
0 1 275 631 1980
0 1 275 2286 256
0 1 275 3448 257
0 1 275 3448 1971
0 1 275 3448 478
0 1 275 600 2309
0 1 275 1460 1857
0 1 275 1460 1857
0 1 275 1460 257
0 1 275 893 15
0 1 275 893 1001
0 1 275 893 2350
0 1 275 893 15
0 1 275 893 276
0 1 275 893 256
0 1 275 1458 257
0 1 275 1458 1991
0 1 275 3852 2353
0 1 275 3852 478
0 1 275 3852 1191
0 1 275 3852 1007
0 1 275 177 327
0 1 275 2358 257
0 1 276 869 145
0 1 276 869 145
0 1 276 893 15
0 1 276 893 1001
0 1 276 893 2350
0 1 276 893 15
0 1 276 893 256
0 1 1216 2098 2631
0 1 1216 2624 2469
0 1 1216 2624 2597
0 1 1216 123 2460
0 1 1217 396 1237
0 1 1217 396 2637
0 1 1217 2666 2447
0 1 1217 2727 15
0 1 1217 2727 2350
0 1 1217 2727 15
0 1 1218 366 2455
0 1 279 869 145
0 1 279 869 145
0 1 279 869 276
0 1 279 1376 276
0 1 279 3599 1751
0 1 279 3599 2008
0 1 279 725 276
0 1 279 1676 310
0 1 279 893 15
0 1 279 893 1001
0 1 279 893 2350
0 1 279 893 15
0 1 279 893 276
0 1 279 893 256
0 1 280 1791 1980
0 1 280 1791 2021
0 1 280 1473 257
0 1 280 1473 275
0 1 280 1028 1936
0 1 280 1028 1088
0 1 1222 3913 2356
0 1 1222 3913 2444
0 1 1222 3378 22
0 1 1222 3378 2400
0 1 1222 3378 22
0 1 1222 1316 2309
0 1 1222 1316 2444
0 1 284 910 1293
0 1 1225 730 1705
0 1 1225 3352 1237
0 1 1225 3478 2423
0 1 1225 1647 1023
0 1 1225 1647 1113
0 1 1225 1647 1191
0 1 1225 2407 2333
0 1 1225 3024 2544
0 1 1225 3024 2602
0 1 1225 1972 22
0 1 1225 1972 1018
0 1 1225 1972 1155
0 1 1225 1972 2008
0 1 1225 1972 22
0 1 1225 3533 2400
0 1 294 3344 259
0 1 294 3344 307
0 1 294 2879 1957
0 1 294 2879 241
0 1 294 2879 307
0 1 294 1587 1940
0 1 294 2040 1957
0 1 1232 3291 1357
0 1 1232 235 2389
0 1 1232 2727 15
0 1 1232 2727 2350
0 1 1232 2727 15
0 1 1232 2727 1217
0 1 1232 960 1317
0 1 296 3928 1872
0 1 296 3928 1872
0 1 296 3648 740
0 1 298 800 1992
0 1 28 2427 1864
0 1 28 2427 1864
0 1 28 1509 1878
0 1 28 1509 1878
0 1 1236 1435 1807
0 1 1236 1435 1807
0 1 1236 975 1821
0 1 1236 975 1821
0 1 1236 850 1878
0 1 1236 850 1878
0 1 1237 2342 1992
0 1 1237 2342 2024
0 1 1237 2423 1023
0 1 1237 187 30
0 1 1237 187 1902
0 1 1237 187 1902
0 1 1237 485 1902
0 1 1237 485 1902
0 1 1238 1872 2381
0 1 1238 1175 2361
0 1 1238 1175 2371
0 1 301 3750 2611
0 1 301 1366 1991
0 1 301 2660 478
0 1 301 2609 1191
0 1 30 2942 1094
0 1 30 3658 2292
0 1 30 726 1793
0 1 30 726 1113
0 1 30 726 1145
0 1 30 726 2544
0 1 30 726 2611
0 1 30 3345 1357
0 1 30 1361 1214
0 1 30 235 2389
0 1 1239 3750 2611
0 1 1240 3459 2498
0 1 1240 2673 2494
0 1 1240 2341 2498
0 1 1240 336 2494
0 1 1240 336 2498
0 1 1240 1482 2494
0 1 1240 1482 2498
0 1 1240 2830 2498
0 1 1240 2753 2498
0 1 1240 661 2498
0 1 1240 838 2494
0 1 1240 838 2498
0 1 1240 2060 2498
0 1 1240 2324 2498
0 1 1240 1050 2498
0 1 1240 3401 2498
0 1 1240 312 2494
0 1 1240 312 2498
0 1 1240 1575 2494
0 1 1240 1838 2498
0 1 1240 793 2528
0 1 1240 3326 2494
0 1 1240 196 2498
0 1 1240 36 2498
0 1 1240 347 2498
0 1 1240 3899 2494
0 1 1240 3899 2498
0 1 1240 573 2498
0 1 1240 2397 2498
0 1 1240 112 2503
0 1 1240 3196 2498
0 1 1240 2807 2498
0 1 1240 482 2498
0 1 1240 1077 2498
0 1 302 3647 1936
0 1 302 2115 275
0 1 1243 1923 1172
0 1 1245 2587 2296
0 1 1245 2587 1970
0 1 1245 2587 1100
0 1 1245 2587 266
0 1 1245 2587 2624
0 1 33 731 7
0 1 33 731 7
0 1 33 839 1908
0 1 33 839 1908
0 1 307 432 1946
0 1 307 432 1957
0 1 307 2879 1957
0 1 307 2879 241
0 1 307 1309 1001
0 1 307 1309 1940
0 1 307 1309 1957
0 1 307 1309 1991
0 1 308 2190 1957
0 1 308 86 1946
0 1 308 86 310
0 1 310 869 145
0 1 310 869 145
0 1 310 869 276
0 1 310 3417 1936
0 1 310 2322 1751
0 1 310 2707 2417
0 1 310 2707 256
0 1 312 1210 2271
0 1 1252 2674 44
0 1 316 3248 2005
0 1 317 2688 1860
0 1 317 2688 1860
0 1 320 3054 1980
0 1 1255 1135 1198
0 1 1255 438 2304
0 1 1255 402 2757
0 1 34 2422 1974
0 1 35 1188 1942
0 1 36 3096 1974
0 1 37 1811 2075
0 1 37 1382 1860
0 1 37 1382 1860
0 1 326 2853 16
0 1 326 2853 16
0 1 326 2251 2011
0 1 327 1886 1047
0 1 327 1886 2241
0 1 179 1177 20
0 1 179 1177 20
0 1 179 521 1959
0 1 179 521 259
0 1 179 521 2110
0 1 179 2692 1005
0 1 40 1968 2399
0 1 1263 2637 1273
0 1 1263 2637 2183
0 1 41 3045 1864
0 1 41 3045 1864
0 1 1272 2014 2532
0 1 1272 3219 2735
0 1 1273 3671 1577
0 1 1273 2637 2183
0 1 336 397 2256
0 1 1274 1735 1577
0 1 1274 1558 1629
0 1 1277 2733 2111
0 1 344 648 2257
0 1 344 132 1966
0 1 344 132 1974
0 1 1282 811 1591
0 1 1282 897 2229
0 1 1284 1978 1285
0 1 1285 2910 2517
0 1 1285 2910 2747
0 1 1285 1114 1659
0 1 1285 1114 2739
0 1 1285 658 2147
0 1 350 2218 361
0 1 1290 2181 2579
0 1 1293 2935 1063
0 1 25 1131 1972
0 1 360 636 2497
0 1 360 636 1390
0 1 1295 2455 2574
0 1 1295 752 1063
0 1 362 2218 361
0 1 1296 866 2499
0 1 1296 866 1316
0 1 1297 636 2497
0 1 1297 636 360
0 1 1297 636 1390
0 1 380 669 200
0 1 382 502 300
0 1 382 502 2248
0 1 383 3752 158
0 1 1302 65 2533
0 1 1302 1759 1117
0 1 1303 2621 1477
0 1 1310 218 604
0 1 47 2075 110
0 1 47 2075 110
0 1 400 1139 1878
0 1 400 1139 1807
0 1 400 1139 1878
0 1 400 1139 1807
0 1 400 1870 319
0 1 400 1870 2573
0 1 1316 1755 2491
0 1 1316 3424 2324
0 1 1316 866 2499
0 1 1317 365 2359
0 1 1317 365 2406
0 1 49 3154 60
0 1 49 3154 60
0 1 49 423 60
0 1 49 423 60
0 1 1318 3376 2385
0 1 410 363 2130
0 1 411 2730 2433
0 1 1320 1230 1237
0 1 1320 1230 2445
0 1 1320 2593 2318
0 1 1320 350 2429
0 1 1320 334 2368
0 1 386 206 1897
0 1 386 206 1897
0 1 386 206 2258
0 1 414 2395 2233
0 1 1323 770 2504
0 1 1323 3581 1882
0 1 1323 3581 1882
0 1 418 2842 2175
0 1 1326 2449 319
0 1 1330 763 1284
0 1 1335 2773 2440
0 1 1348 636 2497
0 1 1348 636 360
0 1 1348 636 1390
0 1 1352 3521 2183
0 1 1357 1173 2442
0 1 1357 1173 2637
0 1 322 378 2016
0 1 322 3318 2016
0 1 473 3617 1240
0 1 473 3592 201
0 1 473 3592 1215
0 1 476 3204 877
0 1 211 3237 80
0 1 1372 3040 1273
0 1 486 1771 2033
0 1 486 1253 1001
0 1 486 1253 307
0 1 61 788 1821
0 1 61 788 1821
0 1 61 1100 103
0 1 61 1100 103
0 1 61 1964 103
0 1 61 1964 103
0 1 492 1448 2225
0 1 494 3330 2248
0 1 494 502 300
0 1 494 502 382
0 1 494 502 2248
0 1 505 2791 2011
0 1 65 3596 2773
0 1 65 3106 2773
0 1 65 3722 1879
0 1 65 3722 1879
0 1 514 832 323
0 1 67 1323 2001
0 1 67 2983 2107
0 1 67 1449 2107
0 1 1389 1914 2548
0 1 1389 1914 2730
0 1 1390 636 2497
0 1 1390 636 360
0 1 1391 636 2497
0 1 1391 636 360
0 1 1391 636 1390
0 1 1397 3581 1882
0 1 1397 3581 1882
0 1 71 3781 2077
0 1 539 1059 2115
0 1 539 1939 1972
0 1 539 2662 2115
0 1 539 3275 2225
0 1 1411 2384 2328
0 1 1411 3403 2628
0 1 1433 1012 2422
0 1 1433 3474 2422
0 1 1436 2022 1052
0 1 1436 2092 2326
0 1 1436 3032 2763
0 1 570 3139 200
0 1 570 2240 200
0 1 1447 588 1858
0 1 1447 588 1858
0 1 592 1275 2072
0 1 1385 3665 2435
0 1 625 1119 2090
0 1 625 3601 2090
0 1 626 2167 2015
0 1 1460 2469 2466
0 1 1462 1070 1905
0 1 1462 1070 1905
0 1 637 1092 272
0 1 88 3794 1602
0 1 88 1865 1602
0 1 88 1007 1847
0 1 88 1007 1602
0 1 88 2905 1602
0 1 661 3339 1555
0 1 661 3219 2735
0 1 1480 2008 2591
0 1 666 1558 1629
0 1 1483 2806 2671
0 1 1484 2828 2467
0 1 672 2222 2011
0 1 1486 1397 2624
0 1 1486 1397 2634
0 1 1495 2004 2740
0 1 1496 3234 2367
0 1 234 1856 154
0 1 234 1856 1991
0 1 234 1856 217
0 1 1500 2367 2305
0 1 1500 2367 1018
0 1 1500 2596 2325
0 1 1500 2698 2335
0 1 690 2643 2097
0 1 93 2222 2011
0 1 1506 3120 2334
0 1 1506 2045 2334
0 1 1509 2315 1155
0 1 694 1005 232
0 1 699 2662 2115
0 1 699 360 1860
0 1 699 360 1860
0 1 702 560 832
0 1 96 2298 2001
0 1 96 2298 2257
0 1 96 290 740
0 1 96 551 484
0 1 99 2529 2001
0 1 719 1676 310
0 1 719 2879 1957
0 1 719 2879 241
0 1 719 2879 307
0 1 719 1309 1001
0 1 719 1309 1940
0 1 719 1309 1957
0 1 719 1309 1991
0 1 724 2107 158
0 1 1523 1595 1642
0 1 1524 185 2705
0 1 1524 185 2757
0 1 1524 1936 2345
0 1 103 1435 1807
0 1 103 1435 1807
0 1 1526 2145 1295
0 1 1527 446 2305
0 1 741 1217 2104
0 1 749 2587 2296
0 1 749 2587 1245
0 1 749 2587 1970
0 1 749 2587 1100
0 1 749 2587 266
0 1 749 2587 2624
0 1 737 1371 2152
0 1 751 3770 2268
0 1 1540 1563 1134
0 1 1541 147 2680
0 1 1547 851 2712
0 1 1550 2368 2478
0 1 769 502 300
0 1 769 502 382
0 1 769 502 2248
0 1 111 2901 1866
0 1 111 2901 1866
0 1 774 1081 1193
0 1 1576 1114 1285
0 1 1576 1114 1659
0 1 1576 1114 2739
0 1 1577 567 2774
0 1 801 3348 1821
0 1 801 3348 1821
0 1 801 788 1821
0 1 801 788 1821
0 1 1581 249 1285
0 1 1581 3055 1285
0 1 807 3243 1878
0 1 807 3243 1878
0 1 1589 247 1137
0 1 104 206 1897
0 1 104 206 386
0 1 104 206 1897
0 1 104 206 2258
0 1 1601 3906 2498
0 1 1602 2905 88
0 1 1602 2905 88
0 1 1602 1007 88
0 1 1602 1007 1847
0 1 1602 1007 88
0 1 839 1326 2273
0 1 1599 3564 2295
0 1 852 3502 464
0 1 124 366 2455
0 1 865 2821 2266
0 1 129 1548 1885
0 1 129 1548 1885
0 1 1640 3581 1882
0 1 1640 3581 1882
0 1 897 984 1979
0 1 352 761 335
0 1 899 2347 2155
0 1 899 844 2155
0 1 1659 1114 1285
0 1 1659 1114 2739
0 1 1667 1114 1285
0 1 1667 1114 1659
0 1 1667 1114 2739
0 1 949 922 2174
0 1 1692 1498 2754
0 1 1706 2360 2635
0 1 1706 2674 44
0 1 1708 2734 2332
0 1 1708 2779 30
0 1 1708 2779 2763
0 1 1708 2022 1052
0 1 1708 1817 2657
0 1 1708 1158 2393
0 1 142 997 2375
0 1 143 3918 2371
0 1 143 3918 1209
0 1 1724 1733 2326
0 1 1724 3857 2331
0 1 1724 3857 2400
0 1 1724 3857 1194
0 1 1724 650 1357
0 1 1724 764 1156
0 1 1724 764 1738
0 1 1727 644 1751
0 1 1734 3630 1179
0 1 1734 3630 2371
0 1 1735 65 2533
0 1 1735 2948 1858
0 1 1735 2948 1858
0 1 1738 2495 2445
0 1 1738 2495 2544
0 1 1739 3907 2318
0 1 1739 2793 2326
0 1 1739 2793 2181
0 1 1741 2253 1179
0 1 1741 1167 2326
0 1 1741 1460 1857
0 1 1741 1460 1857
0 1 1741 1460 257
0 1 1741 446 2305
0 1 1743 2394 2763
0 1 1743 3184 2337
0 1 1743 3184 2449
0 1 1743 2468 1997
0 1 1743 3269 2557
0 1 1744 789 2656
0 1 1747 3765 2389
0 1 1748 1134 1147
0 1 1748 1733 2326
0 1 993 1385 213
0 1 1750 3681 2423
0 1 1750 3518 1047
0 1 1750 265 2379
0 1 1751 3198 1738
0 1 1751 477 2423
0 1 994 841 147
0 1 994 841 147
0 1 994 3439 147
0 1 994 3439 147
0 1 994 3505 176
0 1 994 724 2225
0 1 996 735 20
0 1 996 735 20
0 1 145 303 15
0 1 145 303 15
0 1 145 2423 1023
0 1 145 3482 2379
0 1 145 1310 1189
0 1 145 1310 2369
0 1 145 869 276
0 1 145 2873 1232
0 1 145 2873 1217
0 1 145 623 2340
0 1 145 623 2763
0 1 1757 692 2380
0 1 1758 3000 235
0 1 998 2468 1997
0 1 1759 2052 2312
0 1 1759 404 2326
0 1 1759 91 2356
0 1 1760 1667 1793
0 1 1760 3269 2557
0 1 1760 653 1738
0 1 1762 2593 2318
0 1 1762 2331 2444
0 1 1763 3207 15
0 1 1763 3207 15
0 1 1763 3207 1751
0 1 1763 562 2331
0 1 1001 893 15
0 1 1001 893 2350
0 1 1001 893 15
0 1 1001 893 276
0 1 1001 893 256
0 1 1001 2660 478
0 1 1001 2234 1940
0 1 1001 2234 1957
0 1 1001 2234 217
0 1 1001 2234 486
0 1 1001 2234 172
0 1 1001 2234 2135
0 1 1001 1309 1940
0 1 1001 1309 1957
0 1 1001 1309 1991
0 1 146 3509 1121
0 1 146 2039 1480
0 1 1767 2569 1859
0 1 1767 2569 1859
0 1 147 841 994
0 1 147 3439 994
0 1 148 1180 2297
0 1 148 3347 2354
0 1 1002 3361 1947
0 1 1002 709 1966
0 1 1002 594 1948
0 1 1770 95 2331
0 1 1771 3771 2766
0 1 1004 1042 2015
0 1 1772 3118 2546
0 1 1005 747 20
0 1 1005 747 20
0 1 1773 2263 2565
0 1 1775 3571 2321
0 1 1775 3571 2369
0 1 1775 1816 2369
0 1 1775 1816 2418
0 1 1775 510 2369
0 1 1775 2314 2361
0 1 1775 2314 2369
0 1 1775 3604 2761
0 1 1780 3075 2305
0 1 1780 446 2305
0 1 1780 3284 2356
0 1 1780 3284 1738
0 1 1780 3381 2343
0 1 1780 575 1357
0 1 1780 3153 2332
0 1 1780 3153 2449
0 1 1781 2613 2401
0 1 1782 671 1225
0 1 1782 289 201
0 1 1782 1938 1023
0 1 1782 1938 2366
0 1 1782 3352 1237
0 1 1782 3291 1357
0 1 1782 3913 2356
0 1 1782 3913 2444
0 1 1782 2034 1088
0 1 1782 1972 22
0 1 1782 1972 1018
0 1 1782 1972 1155
0 1 1782 1972 2008
0 1 1782 1972 22
0 1 1782 3478 2423
0 1 1782 1673 1179
0 1 1783 2216 2349
0 1 1783 2216 2350
0 1 1783 2022 1052
0 1 1783 613 2757
0 1 1784 2253 1179
0 1 1784 3062 159
0 1 1784 952 2611
0 1 1784 222 1793
0 1 1787 2960 1255
0 1 150 303 15
0 1 150 303 15
0 1 150 2819 2611
0 1 150 1011 1902
0 1 150 1011 1902
0 1 1790 3445 2593
0 1 1792 3029 2498
0 1 1793 2245 1076
0 1 1793 726 1113
0 1 1793 726 1145
0 1 1793 726 2544
0 1 1793 726 2611
0 1 1793 402 2757
0 1 1010 963 1940
0 1 1010 704 486
0 1 1010 704 172
0 1 1010 2234 1001
0 1 1010 2234 1940
0 1 1010 2234 1957
0 1 1010 2234 217
0 1 1010 2234 486
0 1 1010 2234 172
0 1 1010 2234 2135
0 1 1010 1309 1001
0 1 1010 1309 1940
0 1 1010 1309 1957
0 1 1010 1309 1991
0 1 1010 2420 1001
0 1 1010 2420 154
0 1 1010 2420 1217
0 1 1010 2420 228
0 1 1010 2420 241
0 1 1010 2420 172
0 1 1794 131 2743
0 1 1795 2668 2387
