MAM MDM
12 144 4 0
12 140 4 0
12 299 4 0
12 663 4 0
70 3 4 0
70 62 4 0
70 52 4 0
3 70 4 0
3 62 12 0
4 6 4 0
4 1807 30 0
4 61 4 0
4 65 4 0
4 63 4 0
4 103 8 0
4 108 4 0
6 55 4 0
6 4 4 0
6 61 4 0
6 65 4 0
6 149 16 0
7 47 4 0
7 154 4 0
8 25 4 0
8 111 4 0
9 701 4 0
9 36 4 0
9 110 4 0
11 108 4 0
11 16 4 0
11 33 4 0
11 26 4 0
11 74 4 0
11 92 4 0
11 95 4 0
14 33 4 0
14 47 4 0
14 56 4 0
14 83 4 0
14 140 4 0
14 233 4 0
14 789 4 0
14 843 4 0
16 26 4 0
16 540 6 0
16 83 4 0
16 252 4 0
16 74 4 0
16 82 4 0
16 625 4 0
16 11 4 0
16 33 4 0
17 28 8 0
17 46 4 0
17 1844 4 0
19 35 4 0
19 1173 4 0
1805 115 6 0
1805 33 4 0
1805 83 6 0
1805 233 3 0
1805 321 3 0
1805 322 3 0
1805 528 3 0
25 35 8 0
25 34 4 0
25 115 4 0
25 144 4 0
25 321 4 0
25 330 4 0
25 8 4 0
25 326 8 0
26 11 4 0
26 74 4 0
26 92 4 0
26 16 4 0
26 107 4 0
28 309 8 0
28 106 4 0
28 1807 4 0
28 17 8 0
28 46 4 0
28 117 4 0
28 65 4 0
28 126 4 0
29 144 4 0
33 14 4 0
33 1805 4 0
33 47 4 0
33 56 8 0
33 83 4 0
33 140 4 0
33 233 4 0
33 322 4 0
33 539 6 0
33 789 4 0
33 843 6 0
33 852 4 0
33 326 4 0
33 344 4 0
33 11 4 0
33 16 4 0
33 72 4 0
1807 28 4 0
1807 4 30 0
1807 65 4 0
1807 319 3 0
34 25 4 0
34 115 4 0
34 144 4 0
35 19 4 0
35 25 8 0
41 61 8 0
41 108 4 0
41 59 4 0
41 117 4 0
43 111 4 0
46 28 4 0
46 117 4 0
46 57 4 0
46 17 4 0
47 115 4 0
47 326 4 0
47 14 4 0
47 33 4 0
47 56 8 0
47 83 4 0
47 140 4 0
47 7 4 0
47 107 4 0
49 60 28 12
49 71 4 0
49 1450 4 0
36 9 4 0
36 110 4 0
36 96 4 0
36 115 4 0
52 70 4 0
52 83 4 0
1815 108 4 0
1815 69 4 0
55 6 4 0
56 14 4 0
56 33 8 0
56 47 8 0
56 83 4 0
56 140 4 0
56 233 4 0
56 539 4 0
56 789 4 0
56 843 4 0
56 852 4 0
56 299 4 0
56 326 4 0
56 107 4 0
56 254 4 0
57 46 4 0
57 1828 6 0
57 108 4 0
59 41 4 0
59 117 4 0
60 49 28 12
60 911 4 0
60 90 16 0
60 552 4 0
60 71 4 0
60 290 4 0
60 322 4 0
61 4 4 0
61 6 4 0
61 65 4 0
61 82 4 0
61 41 8 0
61 108 4 0
61 69 4 0
1818 1834 4 0
62 70 4 0
62 3 12 0
1820 100 4 0
63 4 4 0
65 4 4 0
65 6 4 0
65 1807 4 0
65 61 4 0
65 82 4 0
65 28 4 0
66 835 4 0
69 61 4 0
69 103 4 0
69 1815 4 0
69 92 4 0
69 108 4 0
71 49 4 0
71 60 4 0
72 99 4 0
72 144 4 0
72 33 4 0
74 11 4 0
74 26 4 0
74 92 4 0
74 16 4 0
74 82 4 0
82 16 4 0
82 74 4 0
82 108 4 0
82 126 4 0
82 61 4 0
82 65 4 0
83 52 4 0
83 16 4 0
83 852 4 0
83 96 4 0
83 663 4 0
83 14 4 0
83 1805 6 0
83 33 4 0
83 47 4 0
83 56 4 0
83 140 4 0
83 233 4 0
83 321 4 0
83 322 4 0
83 528 4 0
1828 57 6 0
89 233 4 0
89 789 4 0
90 60 16 0
90 290 6 0
90 552 4 0
90 574 4 0
92 11 4 0
92 26 4 0
92 74 4 0
92 69 4 0
92 108 4 4
95 1467 4 0
95 11 4 0
96 36 4 0
96 115 4 0
96 83 4 0
1834 1818 4 0
99 72 4 0
99 276 4 0
99 994 4 0
100 1062 4 0
100 1820 4 0
103 4 8 0
103 108 8 0
103 69 4 0
106 28 4 0
107 26 4 0
107 47 4 0
107 56 4 0
108 4 4 0
108 1815 4 0
108 103 8 0
108 126 12 0
108 82 4 0
108 11 4 0
108 57 4 0
108 69 4 0
108 92 4 4
108 41 4 0
108 61 4 0
110 9 4 0
110 36 4 0
111 43 4 0
111 8 4 0
115 1805 6 0
115 36 4 0
115 96 4 0
115 25 4 0
115 34 4 0
115 144 4 0
115 47 4 0
104 386 2 2
117 41 4 0
117 59 4 0
117 28 4 0
117 46 4 0
1844 17 4 0
122 1676 6 0
122 135 4 0
126 1236 4 0
126 108 12 0
126 82 4 0
126 28 4 0
135 122 4 0
140 14 4 0
140 33 4 0
140 47 4 0
140 56 4 0
140 83 4 0
140 12 4 0
144 25 4 0
144 34 4 0
144 115 4 0
144 29 4 0
144 12 4 0
144 72 4 0
147 270 4 0
149 6 16 0
149 664 4 0
552 90 4 0
552 60 4 0
1062 100 4 0
154 7 4 0
1063 1420 1 1
531 271 3 0
1173 19 4 0
223 322 3 0
1042 1109 10 1
1042 1108 6 1
1042 1425 4 0
879 719 2 1
158 724 1 1
176 994 2 1
1108 1042 6 1
1108 1109 6 1
1108 1425 3 0
1109 1042 10 1
1109 1108 6 1
1109 1425 4 0
206 719 1 2
233 14 4 0
233 1805 3 0
233 33 4 0
233 56 4 0
233 83 4 0
233 539 3 0
233 789 9 0
233 843 4 0
233 89 4 0
252 16 4 0
253 719 2 1
254 56 4 0
264 665 3 0
270 147 4 0
271 531 3 0
276 99 4 0
277 514 1 1
299 12 4 0
299 56 4 0
299 326 3 0
1236 126 4 0
309 28 8 0
319 1807 3 0
321 1805 3 0
321 83 4 0
321 528 3 0
321 25 4 0
322 1805 3 0
322 33 4 0
322 83 4 0
322 528 3 0
322 60 4 0
322 223 3 0
326 47 4 0
326 33 4 0
326 56 4 0
326 299 3 0
326 344 3 0
326 843 3 0
326 25 8 0
330 25 4 0
335 352 1 1
343 559 3 0
344 33 4 0
344 326 3 0
344 843 3 0
1284 1282 2 1
1285 1659 1 2
1285 1581 2 2
352 335 1 1
358 712 1 1
304 662 1 1
360 1390 2 2
1297 1348 1 1
1282 1284 2 1
386 104 2 2
1313 807 1 2
396 401 3 1
401 396 3 1
1348 1390 2 1
1348 1297 1 1
1363 481 1 2
1363 803 1 1
481 1363 1 2
481 803 2 4
487 877 3 0
514 277 1 1
518 1003 3 1
1390 1348 2 1
1390 360 2 2
528 843 3 0
528 1805 3 0
528 83 4 0
528 321 3 0
528 322 3 0
539 33 6 0
539 843 4 0
539 56 4 0
539 233 3 0
539 789 3 0
539 852 3 0
539 625 4 0
540 16 6 0
1420 1063 1 1
1425 1042 4 0
1425 1109 4 0
1425 1108 3 0
559 343 3 0
567 901 3 0
574 90 4 0
583 817 1 1
1450 49 4 0
625 539 4 0
625 16 4 0
1467 95 4 0
290 60 4 0
290 90 6 0
662 304 1 1
663 83 4 0
663 12 4 0
664 149 4 0
665 264 3 0
698 706 2 1
701 9 4 0
702 832 1 1
706 698 2 1
712 358 1 1
719 206 1 2
719 253 2 1
719 879 2 1
719 1001 2 1
724 158 1 1
789 233 9 0
789 539 3 0
789 843 4 0
789 89 4 0
789 14 4 0
789 33 4 0
789 56 4 0
803 1363 1 1
803 481 2 4
1581 1285 2 2
807 1313 1 2
817 583 1 1
818 870 1 3
832 702 1 1
835 66 4 0
843 14 4 0
843 33 6 0
843 56 4 0
843 233 4 0
843 528 3 0
843 539 4 0
843 789 4 0
843 326 3 0
843 344 3 0
852 539 3 0
852 33 4 0
852 56 4 0
852 83 4 0
870 818 1 3
877 487 3 0
901 567 3 0
1659 1285 1 2
911 60 4 0
1676 122 6 0
977 981 3 1
981 977 3 1
994 176 2 1
994 99 4 0
1001 719 2 1
1003 518 3 1
20 179 0 2
20 1193 0 2
20 1005 0 4
3 290 0 2
6 801 0 2
9 140 0 4
10 1720 0 2
10 1200 0 2
10 996 0 6
10 1047 0 2
15 1094 0 2
15 159 0 2
15 150 0 8
15 1155 0 2
15 1720 0 2
15 145 0 4
15 1237 0 2
15 1782 0 2
16 47 0 4
19 1002 0 2
22 1748 0 2
22 1760 0 2
22 1793 0 2
22 145 0 4
22 1194 0 2
22 1018 0 4
22 1023 0 2
22 1222 0 2
28 1479 0 2
28 801 0 2
29 140 0 8
30 1043 0 2
30 1793 0 2
30 1084 0 2
30 1198 0 2
30 1232 0 2
41 1479 0 2
44 1252 0 2
46 55 0 4
47 110 0 4
47 16 0 4
1812 1293 0 1
55 46 0 4
61 801 0 2
61 103 0 8
63 807 0 2
88 1847 0 10
88 1602 0 14
93 672 0 2
96 740 0 2
96 484 0 2
99 489 0 2
103 61 0 8
103 1236 0 2
1835 1437 0 1
106 650 0 2
108 1467 0 2
124 1218 0 2
110 47 0 4
1847 88 0 10
1847 1602 0 5
140 9 0 4
140 29 0 8
143 1702 0 2
143 1041 0 2
143 1145 0 2
143 1209 0 2
144 245 0 2
145 150 0 4
145 1155 0 2
145 15 0 4
145 1237 0 2
145 1702 0 2
145 1179 0 2
145 22 0 4
145 1194 0 2
145 276 0 4
145 279 0 2
145 310 0 2
145 1029 0 2
145 1174 0 2
145 1030 0 2
145 1084 0 2
146 1121 0 2
146 1721 0 2
147 994 0 8
150 145 0 4
150 1155 0 2
150 15 0 8
1702 143 0 2
1702 1041 0 1
1702 1145 0 1
1702 1209 0 1
1702 1727 0 1
1702 1751 0 1
1702 145 0 2
1057 1071 0 1
1057 1222 0 1
1057 1166 0 1
1057 1191 0 1
1704 1320 0 1
1704 1762 0 1
1704 1166 0 1
1704 1436 0 1
218 195 0 1
218 217 0 2
218 206 0 2
218 237 0 1
218 253 0 1
218 1010 0 1
218 256 0 1
218 275 0 2
218 276 0 1
218 279 0 1
218 1001 0 1
218 280 0 1
1705 1142 0 1
1705 1072 0 1
1705 1119 0 3
1705 970 0 1
1705 1118 0 1
1705 1210 0 1
969 155 0 1
969 1716 0 1
969 1017 0 1
155 255 0 1
155 256 0 1
155 280 0 1
155 969 0 1
155 1716 0 1
155 992 0 1
970 1705 0 1
1090 1023 0 1
1090 1020 0 1
1090 1320 0 1
1090 478 0 1
1090 1225 0 1
1090 1782 0 1
1148 1780 0 4
1148 1527 0 1
1148 1741 0 1
1709 1147 0 1
1709 1238 0 1
1709 1173 0 1
1709 1127 0 1
1044 1436 0 1
1044 1524 0 1
1479 41 0 2
1479 28 0 2
1479 312 0 1
1134 1063 0 3
478 275 0 3
478 270 0 1
478 1203 0 1
478 257 0 2
478 1191 0 2
478 1090 0 1
478 1225 0 1
478 1782 0 1
1714 1029 0 1
1714 1202 0 1
1714 1206 0 1
1714 1193 0 1
1714 1173 0 1
1714 1203 0 1
1714 159 0 1
154 171 0 6
154 172 0 7
154 228 0 6
154 194 0 1
154 217 0 2
154 234 0 1
154 241 0 2
154 1010 0 2
154 206 0 2
154 307 0 1
154 719 0 1
154 1001 0 3
154 486 0 1
1715 1076 0 2
1715 1784 0 1
1715 1793 0 1
1715 1030 0 1
1715 1237 0 1
1063 1134 0 3
1063 1295 0 3
1716 1140 0 1
1716 969 0 1
1716 155 0 1
1716 1708 0 1
1716 1759 0 1
1022 1215 0 1
978 213 0 1
978 178 0 1
1113 1320 0 1
1113 1020 0 1
1113 1023 0 5
1113 1147 0 2
1113 1214 0 1
1113 1191 0 3
1113 1225 0 1
1113 1145 0 2
1113 1189 0 1
1113 1203 0 1
1113 1040 0 1
979 862 0 1
531 484 0 1
1092 1209 0 1
1092 1238 0 1
1720 15 0 2
1720 10 0 2
1720 1200 0 1
191 241 0 2
191 273 0 2
191 171 0 1
191 172 0 2
1721 1316 0 2
1721 1117 0 1
1721 146 0 2
1722 1132 0 1
1722 1140 0 1
1722 1130 0 2
1722 1225 0 1
1722 1030 0 1
1722 1076 0 1
1722 1739 0 1
1117 1721 0 1
1117 1302 0 1
1094 257 0 1
1094 15 0 2
1094 159 0 1
1094 301 0 1
1094 1239 0 1
1094 1030 0 1
1094 1194 0 1
1094 1784 0 1
1094 1101 0 1
1020 1198 0 1
1020 1784 0 1
1020 1029 0 1
1020 1090 0 1
1020 1113 0 1
1020 1023 0 1
1020 1127 0 2
1020 1237 0 1
1156 1065 0 1
1156 1174 0 1
1156 1724 0 1
1156 1145 0 1
1156 1189 0 1
1156 1191 0 1
1156 1061 0 1
1156 1202 0 2
1728 213 0 1
1729 1041 0 1
1729 1174 0 1
1729 1132 0 1
1193 1760 0 1
1193 20 0 2
1193 1783 0 1
1193 1714 0 1
1193 1173 0 1
1030 275 0 1
1030 1741 0 1
1030 1722 0 1
1030 145 0 2
1030 1357 0 1
1030 1715 0 1
1030 1237 0 1
1030 1094 0 1
1030 1194 0 1
1173 1709 0 1
1173 1743 0 1
1173 1714 0 1
1173 1193 0 1
171 154 0 6
171 172 0 5
171 206 0 1
171 228 0 5
171 307 0 1
171 719 0 1
171 1001 0 3
171 1010 0 3
171 241 0 1
171 194 0 1
171 879 0 1
171 217 0 1
171 253 0 1
171 191 0 1
1182 1065 0 1
195 294 0 1
195 218 0 1
195 217 0 1
1203 1113 0 1
1203 1209 0 1
1203 1714 0 1
1203 478 0 1
1203 257 0 1
1203 1191 0 1
1203 275 0 1
992 294 0 1
992 222 0 1
992 298 0 1
992 1239 0 1
992 730 0 1
992 155 0 1
484 531 0 1
484 1004 0 1
484 96 0 2
495 313 0 1
1018 1708 0 1
1018 1500 0 1
1018 22 0 4
1018 1023 0 1
1018 1222 0 1
213 993 0 1
213 892 0 1
213 1728 0 1
213 978 0 1
213 178 0 1
1127 1021 0 1
1127 1020 0 2
1127 1237 0 1
1127 1709 0 1
1127 1225 0 1
1007 1084 0 1
1007 175 0 1
1007 257 0 1
1007 179 0 1
1007 993 0 1
1007 1005 0 1
1069 1436 0 1
194 154 0 1
194 171 0 1
194 879 0 1
194 172 0 1
194 217 0 1
194 253 0 1
194 1001 0 1
194 1010 0 1
879 171 0 1
879 194 0 1
879 172 0 2
879 217 0 1
879 253 0 2
879 1001 0 1
879 1010 0 2
879 294 0 1
879 206 0 1
879 279 0 1
879 310 0 1
879 486 0 1
879 227 0 1
879 257 0 1
1017 969 0 1
1019 1052 0 1
1019 1071 0 1
152 283 0 1
1021 1783 0 1
1021 1127 0 1
1021 1743 0 1
1023 22 0 2
1023 1018 0 1
1023 1222 0 1
1023 1113 0 5
1023 1020 0 1
1023 1191 0 2
1023 1225 0 1
1023 1782 0 1
1023 1090 0 1
1029 1136 0 1
1029 1714 0 1
1029 1202 0 1
1029 145 0 2
1029 1174 0 1
1029 1020 0 1
1029 1320 0 1
1029 1191 0 1
1029 301 0 1
1029 216 0 1
1032 1447 0 1
159 15 0 2
159 1094 0 1
159 1714 0 1
1040 1113 0 1
1040 1214 0 1
1040 1217 0 1
162 473 0 1
163 167 0 1
1041 1759 0 1
1041 143 0 2
1041 1702 0 1
1041 1145 0 1
1041 1209 0 1
1041 1006 0 1
1041 1729 0 1
1041 1174 0 1
1043 1052 0 1
1043 1073 0 1
1043 1734 0 1
1043 30 0 2
1047 10 0 2
1047 1101 0 1
1047 1210 0 5
166 383 0 1
1052 1043 0 1
1052 1073 0 1
1052 1734 0 1
1052 1147 0 1
1052 1019 0 1
167 163 0 1
167 280 0 1
167 998 0 3
167 1743 0 1
1061 1156 0 1
1061 1202 0 1
172 154 0 7
172 171 0 5
172 228 0 4
172 241 0 2
172 1010 0 4
172 194 0 1
172 879 0 2
172 217 0 2
172 253 0 1
172 1001 0 4
172 191 0 2
172 206 0 1
172 307 0 1
172 719 0 1
1065 1202 0 1
1065 1747 0 1
1065 1182 0 1
1065 1156 0 1
1065 1174 0 1
1065 1724 0 1
1067 435 0 1
1067 1781 0 1
175 320 0 1
175 178 0 1
175 1007 0 1
175 257 0 1
175 179 0 1
175 993 0 1
175 1005 0 1
1071 1222 0 1
1071 1019 0 1
1071 1057 0 1
1072 1705 0 1
1072 1119 0 1
1073 1043 0 1
1073 1052 0 1
1073 1734 0 1
1076 1793 0 2
1076 1722 0 1
1076 1715 0 2
1076 1784 0 1
178 257 0 1
178 259 0 1
178 179 0 1
178 175 0 1
178 205 0 1
178 978 0 1
178 213 0 1
1084 1222 0 1
1084 1782 0 1
1084 30 0 2
1084 1007 0 1
1084 145 0 2
1088 1782 0 1
1093 1006 0 1
1098 1433 0 2
1100 266 0 2
1100 1245 0 2
1100 749 0 1
1101 1136 0 1
1101 774 0 1
1101 1094 0 1
1101 1047 0 1
189 216 0 1
189 275 0 1
1104 1740 0 1
1106 491 0 1
1112 869 0 1
1115 1135 0 1
1116 240 0 1
1118 1705 0 1
1119 1705 0 3
1119 1072 0 1
200 380 0 1
1121 146 0 2
205 257 0 1
205 280 0 1
205 259 0 1
205 276 0 1
205 178 0 1
1130 1722 0 2
1130 1739 0 1
1130 1751 0 1
1130 1225 0 1
206 218 0 2
206 237 0 1
206 253 0 2
206 1010 0 2
206 154 0 2
206 171 0 1
206 172 0 1
206 228 0 1
206 307 0 1
206 1001 0 2
206 486 0 1
206 256 0 1
206 275 0 1
206 276 0 1
206 279 0 2
206 879 0 1
206 310 0 1
1132 1729 0 1
1132 1722 0 1
1132 1140 0 1
1132 1136 0 1
1132 1145 0 1
1133 1240 0 1
212 259 0 1
1135 1115 0 1
1136 1029 0 1
1136 1132 0 1
1136 1145 0 1
1136 1101 0 1
1136 1194 0 1
1136 1763 0 1
1137 1589 0 2
1140 1716 0 1
1140 1763 0 1
1140 1722 0 1
1140 1132 0 1
1140 1738 0 1
1142 1705 0 1
1144 1176 0 1
1144 261 0 1
1145 1156 0 1
1145 1189 0 2
1145 1191 0 1
1145 1202 0 1
1145 143 0 2
1145 1702 0 1
1145 1041 0 1
1145 1209 0 1
1145 1113 0 2
1145 1132 0 1
1145 1136 0 1
1147 1052 0 1
1147 1113 0 2
1147 1214 0 4
1147 1709 0 1
1147 1238 0 1
1147 1748 0 1
1147 1184 0 1
216 1029 0 1
216 285 0 1
216 691 0 1
216 189 0 1
216 275 0 1
217 218 0 2
217 195 0 1
217 171 0 1
217 194 0 1
217 879 0 1
217 172 0 2
217 253 0 1
217 1001 0 2
217 1010 0 1
217 154 0 2
217 234 0 1
217 275 0 2
217 280 0 1
220 307 0 2
220 237 0 1
220 241 0 1
220 253 0 1
220 294 0 1
220 719 0 1
222 257 0 1
222 275 0 1
222 992 0 1
222 298 0 1
1152 990 0 1
1154 1259 0 1
1155 145 0 2
1155 150 0 2
1155 1202 0 1
1155 1509 0 1
1155 15 0 2
227 879 0 1
227 257 0 1
228 154 0 6
228 171 0 5
228 172 0 4
228 206 0 1
228 307 0 1
228 719 0 1
228 1001 0 2
228 1010 0 2
228 241 0 2
1161 1216 0 2
1166 1190 0 1
1166 1741 0 1
1166 1784 0 1
1166 1057 0 1
1166 1191 0 1
1166 1704 0 1
235 1758 0 1
235 281 0 1
236 278 0 1
237 220 0 1
237 241 0 1
237 253 0 2
237 294 0 1
237 307 0 1
237 719 0 1
237 218 0 1
237 206 0 1
237 1010 0 1
1172 1243 0 1
240 1116 0 1
241 253 0 2
241 220 0 1
241 237 0 1
241 294 0 1
241 307 0 2
241 719 0 1
241 154 0 2
241 171 0 1
241 172 0 2
241 228 0 2
241 1010 0 1
241 191 0 2
1174 145 0 2
1174 1029 0 1
1174 1729 0 1
1174 1041 0 1
1174 1156 0 1
1174 1065 0 1
1174 1724 0 1
1176 1208 0 1
1176 1144 0 1
1176 261 0 1
1178 1753 0 1
245 144 0 2
245 423 0 1
1179 145 0 2
1184 1198 0 1
1184 1255 0 1
1184 1191 0 1
1184 259 0 1
1184 1147 0 1
249 250 0 1
250 249 0 1
253 241 0 2
253 171 0 1
253 194 0 1
253 879 0 2
253 172 0 1
253 217 0 1
253 1001 0 1
253 1010 0 2
253 206 0 2
253 259 0 1
253 294 0 3
253 220 0 1
253 237 0 2
253 307 0 1
253 218 0 1
255 258 0 1
255 275 0 1
255 280 0 3
255 155 0 1
255 256 0 1
256 310 0 1
256 218 0 1
256 206 0 1
256 275 0 3
256 276 0 2
256 279 0 1
256 1001 0 2
256 155 0 1
256 255 0 1
256 280 0 1
256 257 0 1
257 879 0 1
257 227 0 1
257 275 0 6
257 302 0 1
257 1007 0 1
257 175 0 1
257 179 0 2
257 993 0 1
257 1005 0 1
257 1094 0 1
257 205 0 1
257 280 0 1
257 256 0 1
257 222 0 1
257 178 0 1
257 259 0 1
257 478 0 2
257 1203 0 1
257 1191 0 1
258 255 0 1
258 275 0 1
258 280 0 1
259 302 0 1
259 205 0 1
259 276 0 1
259 1184 0 1
259 178 0 1
259 257 0 1
259 179 0 1
259 253 0 1
259 294 0 1
259 212 0 1
261 1144 0 1
261 1176 0 1
1189 1775 0 3
1189 1113 0 1
1189 1145 0 2
1189 1156 0 1
1189 1191 0 1
1190 1782 0 1
1190 1166 0 1
1190 1741 0 1
1190 1784 0 1
1191 1029 0 1
1191 301 0 1
1191 1113 0 3
1191 1023 0 2
1191 1225 0 1
1191 1184 0 1
1191 1057 0 1
1191 1166 0 1
1191 1156 0 1
1191 1145 0 1
1191 1189 0 1
1191 478 0 2
1191 1203 0 1
1191 257 0 1
1191 275 0 2
1194 1094 0 1
1194 1030 0 1
1194 1136 0 1
1194 22 0 2
1194 145 0 2
1194 1202 0 1
1194 1214 0 1
1198 1784 0 1
1198 30 0 2
1198 1232 0 1
1198 1184 0 1
1198 1255 0 2
1198 1020 0 1
266 1100 0 2
266 1245 0 2
266 749 0 1
1200 10 0 2
1200 1720 0 1
1202 1145 0 1
1202 1155 0 1
1202 1509 0 1
1202 1065 0 1
1202 1194 0 1
1202 1214 0 1
1202 1156 0 2
1202 1061 0 1
1202 1714 0 1
1202 1029 0 1
1206 1714 0 1
270 478 0 1
1208 1176 0 1
1209 1092 0 1
1209 1238 0 1
1209 1708 0 1
1209 143 0 2
1209 1702 0 1
1209 1041 0 1
1209 1145 0 1
1209 1203 0 1
1210 1705 0 1
1210 1047 0 5
272 637 0 1
273 191 0 2
1214 1147 0 4
1214 1040 0 1
1214 1217 0 1
1214 1194 0 1
1214 1202 0 1
1214 1113 0 1
275 255 0 1
275 258 0 1
275 280 0 2
275 222 0 1
275 257 0 6
275 256 0 3
275 478 0 3
275 218 0 2
275 217 0 2
275 189 0 1
275 216 0 1
275 1030 0 1
275 1741 0 1
275 206 0 1
275 276 0 1
275 279 0 1
275 1001 0 1
275 1203 0 1
275 1191 0 2
275 327 0 1
276 279 0 3
276 205 0 1
276 259 0 1
276 145 0 4
276 310 0 1
276 218 0 1
276 206 0 1
276 256 0 2
276 275 0 1
276 1001 0 2
1215 1022 0 1
1216 1161 0 2
1217 1232 0 2
1217 1040 0 1
1217 1214 0 1
1218 124 0 2
278 236 0 1
279 145 0 2
279 276 0 3
279 310 0 2
279 879 0 1
279 206 0 2
279 719 0 1
279 218 0 1
279 256 0 1
279 275 0 1
279 1001 0 1
280 155 0 1
280 255 0 3
280 256 0 1
280 167 0 1
280 998 0 1
280 205 0 1
280 257 0 1
280 302 0 1
280 258 0 1
280 275 0 2
280 218 0 1
280 217 0 1
281 235 0 1
282 1358 0 1
283 152 0 1
1222 1084 0 1
1222 1782 0 1
1222 22 0 2
1222 1018 0 1
1222 1023 0 1
1222 1057 0 1
1222 1071 0 1
284 491 0 1
285 216 0 1
285 691 0 1
285 370 0 1
285 1739 0 1
285 1343 0 1
1225 1782 0 3
1225 1090 0 1
1225 478 0 1
1225 1113 0 1
1225 1023 0 1
1225 1191 0 1
1225 1722 0 1
1225 1130 0 1
1225 1127 0 1
290 3 0 2
1227 1447 0 1
1227 1733 0 1
294 253 0 3
294 259 0 1
294 220 0 1
294 237 0 1
294 241 0 1
294 307 0 1
294 719 0 1
294 879 0 1
294 992 0 1
294 195 0 1
1232 1782 0 1
1232 30 0 2
1232 1198 0 1
1232 1217 0 2
298 992 0 1
298 222 0 1
1236 103 0 2
1237 1715 0 1
1237 1030 0 1
1237 15 0 2
1237 145 0 2
1237 1020 0 1
1237 1127 0 1
1238 1709 0 1
1238 1147 0 1
1238 1092 0 1
1238 1209 0 1
1238 1357 0 1
1238 1766 0 1
301 1094 0 1
301 1239 0 1
301 1001 0 1
301 1029 0 1
301 1191 0 1
1239 992 0 1
1239 730 0 1
1239 1094 0 1
1239 301 0 1
1240 1133 0 1
302 259 0 1
302 257 0 1
302 280 0 1
1243 1172 0 1
1245 1100 0 2
1245 266 0 2
1245 749 0 1
307 220 0 2
307 237 0 1
307 241 0 2
307 253 0 1
307 294 0 1
307 719 0 2
307 154 0 1
307 171 0 1
307 172 0 1
307 206 0 1
307 228 0 1
307 1001 0 2
307 1010 0 1
310 145 0 2
310 276 0 1
310 279 0 2
310 879 0 1
310 206 0 1
310 719 0 1
310 256 0 1
312 1479 0 1
313 495 0 1
1252 44 0 2
1252 1706 0 1
320 175 0 1
1255 1184 0 1
1255 1198 0 2
1255 1787 0 2
1255 1735 0 1
1255 1793 0 1
1259 1154 0 1
327 275 0 1
179 20 0 2
179 178 0 1
179 257 0 2
179 259 0 1
179 1007 0 1
179 175 0 1
179 993 0 1
179 1005 0 1
1263 1273 0 1
1268 1619 0 1
1271 1300 0 1
1272 661 0 1
1273 1577 0 1
1273 1263 0 1
1274 1551 0 1
1274 1577 0 1
1274 666 0 1
337 1629 0 1
1277 1673 0 1
1282 1591 0 1
1282 850 0 1
1285 1576 0 1
1285 1667 0 1
350 361 0 1
350 362 0 1
1288 1312 0 1
1293 1812 0 1
360 1297 0 1
360 1348 0 1
360 1391 0 1
361 350 0 1
361 362 0 1
1295 1063 0 3
1295 1420 0 1
362 350 0 1
362 361 0 1
1296 1316 0 1
1297 360 0 1
1297 1390 0 1
1297 1391 0 1
370 285 0 1
370 1739 0 1
1300 1271 0 1
1301 1698 0 1
380 200 0 1
382 494 0 1
382 769 0 1
383 166 0 1
1302 1480 0 1
1302 1735 0 1
1302 1117 0 1
1303 1315 0 1
1303 1477 0 1
1310 604 0 1
1312 1288 0 1
1316 1721 0 2
1316 1296 0 1
1320 1090 0 1
1320 1704 0 1
1320 1762 0 1
1320 1029 0 1
1320 1113 0 1
1323 1397 0 1
1323 1640 0 1
423 245 0 1
435 1067 0 1
1341 1442 0 1
1343 285 0 1
1348 360 0 1
1348 1391 0 1
1351 1513 0 1
1357 1238 0 1
1357 1766 0 1
1357 1030 0 1
1357 1780 0 1
1358 282 0 1
464 852 0 1
473 162 0 1
474 768 0 2
476 877 0 1
486 879 0 1
486 154 0 1
486 206 0 1
489 99 0 2
1315 1303 0 1
491 1106 0 1
491 284 0 1
343 1010 0 1
494 382 0 1
494 769 0 1
1387 1742 0 1
1390 1297 0 1
1390 1391 0 1
1391 360 0 1
1391 1297 0 1
1391 1348 0 1
1391 1390 0 1
1397 1323 0 1
1397 1640 0 1
539 699 0 1
548 582 0 1
1420 1295 0 1
1433 1098 0 2
1436 1708 0 1
1436 1783 0 1
1436 1704 0 1
1436 1069 0 1
1436 1044 0 1
1442 1341 0 1
582 548 0 1
1447 1227 0 1
1447 1733 0 1
1447 1032 0 1
1437 1835 0 1
595 718 0 1
604 1310 0 1
637 272 0 1
1467 108 0 2
639 890 0 1
646 998 0 1
650 106 0 2
1477 1303 0 1
661 1555 0 1
661 1272 0 1
1480 1302 0 1
1481 1698 0 1
666 1274 0 1
672 93 0 2
234 154 0 1
234 217 0 1
1500 1756 0 1
1500 1018 0 1
691 216 0 1
691 285 0 1
1509 1155 0 1
1509 1202 0 1
699 539 0 1
1513 1351 0 1
718 595 0 1
719 279 0 1
719 310 0 1
719 220 0 1
719 237 0 1
719 241 0 1
719 294 0 1
719 307 0 2
719 154 0 1
719 171 0 1
719 172 0 1
719 228 0 1
719 1010 0 1
1523 1642 0 1
1524 1044 0 1
1524 1770 0 1
730 992 0 1
730 1239 0 1
1527 1759 0 1
1527 1148 0 1
1527 1741 0 1
1527 1780 0 1
740 96 0 2
749 1100 0 1
749 266 0 1
749 1245 0 1
1551 1274 0 1
768 474 0 2
769 382 0 1
769 494 0 1
1555 661 0 1
774 1101 0 1
1576 1285 0 1
1576 1659 0 1
1576 1667 0 1
1577 1273 0 1
1577 1274 0 1
801 6 0 2
801 61 0 2
801 28 0 2
807 63 0 2
1589 1137 0 2
1591 1282 0 1
1602 1847 0 5
1602 88 0 14
1619 1268 0 1
850 1282 0 1
852 464 0 1
862 979 0 1
1629 337 0 1
869 1112 0 1
1640 1323 0 1
1640 1397 0 1
877 476 0 1
1642 1523 0 1
892 213 0 1
1659 1576 0 1
1659 1667 0 1
890 639 0 1
1667 1285 0 1
1667 1576 0 1
1667 1659 0 1
1673 1277 0 1
1695 962 0 1
1698 1481 0 1
1698 1301 0 1
962 1695 0 1
1706 1252 0 1
1708 1716 0 1
1708 1209 0 1
1708 1436 0 1
1708 1783 0 1
1708 1018 0 1
1724 1748 0 1
1724 1156 0 1
1724 1065 0 1
1724 1174 0 1
1727 1702 0 1
1727 1751 0 1
1733 1227 0 1
1733 1447 0 1
1734 1043 0 1
1734 1052 0 1
1734 1073 0 1
1735 1255 0 1
1735 1302 0 1
1738 1140 0 1
1739 1722 0 1
1739 1130 0 1
1739 285 0 1
1739 370 0 1
1740 1104 0 1
1741 1166 0 1
1741 1190 0 1
1741 1784 0 1
1741 1030 0 1
1741 275 0 1
1741 1148 0 1
1741 1527 0 1
1741 1780 0 1
1742 1387 0 1
990 1152 0 1
1743 1021 0 1
1743 167 0 1
1743 998 0 1
1743 1173 0 1
1743 1760 0 1
1747 1065 0 1
1748 22 0 2
1748 1760 0 1
1748 1793 0 1
1748 1147 0 1
1748 1724 0 1
1748 1751 0 1
993 213 0 1
993 1007 0 1
993 175 0 1
993 257 0 1
993 179 0 1
993 1005 0 1
1751 1130 0 1
1751 1748 0 1
1751 1702 0 1
1751 1727 0 1
994 147 0 8
1753 1178 0 1
1753 1755 0 1
1755 1753 0 1
1756 1500 0 1
996 10 0 6
1758 235 0 1
998 646 0 1
998 167 0 3
998 280 0 1
998 1743 0 1
1759 1041 0 1
1759 1527 0 1
1759 1716 0 1
1760 22 0 2
1760 1748 0 1
1760 1793 0 1
1760 1743 0 1
1760 1193 0 1
1762 1704 0 1
1762 1320 0 1
1763 1140 0 1
1763 1136 0 1
1001 154 0 3
1001 171 0 3
1001 218 0 1
1001 206 0 2
1001 256 0 2
1001 275 0 1
1001 276 0 2
1001 279 0 1
1001 301 0 1
1001 194 0 1
1001 879 0 1
1001 172 0 4
1001 217 0 2
1001 253 0 1
1001 1010 0 2
1001 228 0 2
1001 307 0 2
1766 1238 0 1
1766 1357 0 1
1002 19 0 2
1770 1524 0 1
1004 484 0 1
1005 20 0 4
1005 1007 0 1
1005 175 0 1
1005 257 0 1
1005 179 0 1
1005 993 0 1
1775 1189 0 3
1006 1093 0 1
1006 1041 0 1
1780 1148 0 4
1780 1527 0 1
1780 1741 0 1
1780 1357 0 1
1781 1067 0 1
1782 1023 0 1
1782 1225 0 3
1782 1232 0 1
1782 1084 0 1
1782 1222 0 1
1782 1088 0 1
1782 15 0 2
1782 1090 0 1
1782 478 0 1
1782 1190 0 1
1783 1193 0 1
1783 1436 0 1
1783 1708 0 1
1783 1021 0 1
1784 1166 0 1
1784 1190 0 1
1784 1741 0 1
1784 1094 0 1
1784 1020 0 1
1784 1198 0 1
1784 1715 0 1
1784 1076 0 1
1784 1793 0 1
1787 1255 0 2
1793 1076 0 2
1793 22 0 2
1793 1748 0 1
1793 1760 0 1
1793 1715 0 1
1793 1784 0 1
1793 30 0 2
1793 1255 0 1
1010 218 0 1
1010 206 0 2
1010 237 0 1
1010 253 0 2
1010 879 0 2
1010 172 0 4
1010 343 0 1
1010 171 0 3
1010 194 0 1
1010 217 0 1
1010 1001 0 2
1010 154 0 2
1010 228 0 2
1010 307 0 1
1010 719 0 1
1010 241 0 1
1926 1855 4 0
1927 1855 4 0
1852 83 4 0
1852 1855 4 0
1852 16 8 0
1852 1860 4 0
1852 101 4 0
1852 25 4 0
1852 147 4 0
1821 1876 4 0
1821 1878 4 0
1821 1898 4 0
1821 1873 4 0
1821 1899 4 0
1855 1889 4 0
1855 1852 4 0
1855 1926 4 0
1855 1927 4 0
14 25 8 0
14 326 4 0
14 1856 4 0
1857 99 4 0
1857 35 4 0
1860 16 8 0
1860 1866 4 0
1860 528 4 0
1860 1852 4 0
1860 101 4 0
1860 25 4 0
1860 147 4 0
20 1259 2 2
1862 2607 4 0
1866 1917 4 0
1866 1860 4 0
70 1897 4 0
101 1871 4 0
101 1901 4 0
101 16 8 0
101 1898 4 0
101 1908 4 0
101 1852 4 0
101 1860 4 0
101 25 4 0
101 147 4 0
89 2281 4 0
1871 101 4 0
1871 1876 4 0
99 1857 4 0
99 35 4 0
1873 1876 4 0
1873 4 8 0
1873 1911 4 0
1873 108 4 0
1873 1807 12 0
1873 1899 16 0
1873 1821 4 0
1839 2786 5 0
1875 1886 4 0
1876 1821 4 0
1876 1878 4 0
1876 1898 4 0
1876 1900 4 0
1876 1873 4 0
1876 1871 4 0
1877 1879 4 0
1877 1807 4 0
1877 1901 4 0
17 1899 4 0
103 1901 4 0
103 1807 4 0
103 1879 4 0
4 1873 8 0
4 1911 4 0
4 2070 4 0
4 1901 4 4
12 2567 4 0
12 1887 4 0
1878 1821 4 0
1878 1876 4 0
1878 1898 4 0
1879 103 4 0
1879 108 12 0
1879 2452 4 0
1879 1807 12 0
1879 2070 4 0
1879 1877 4 0
25 56 4 0
25 83 4 0
25 531 6 0
25 14 8 0
25 1856 4 0
25 1893 4 0
25 1917 4 0
25 71 4 0
25 843 4 0
25 1852 4 0
25 1860 4 0
25 101 4 0
25 16 8 0
25 147 4 0
108 1879 12 0
108 2006 6 0
108 2452 6 0
108 1807 16 0
108 2070 4 0
108 1907 4 0
108 1873 4 0
108 1899 4 0
108 1913 4 0
108 1923 4 0
126 1807 4 0
126 1899 4 0
35 1917 4 0
35 1857 4 0
35 99 4 0
1886 1875 4 0
1886 2788 4 2
1887 12 4 0
1889 1855 4 0
26 1930 4 0
1807 1877 4 0
1807 1901 4 0
1807 1873 12 0
1807 1879 12 0
1807 108 16 0
1807 2070 4 0
1807 2452 4 0
1807 1899 8 0
1807 126 4 0
1807 103 4 0
1807 1923 4 0
1893 223 4 0
1893 531 4 0
1893 528 4 0
1893 25 4 0
1893 1917 4 0
1893 71 4 0
56 1908 4 0
56 25 4 0
2786 1839 5 0
1897 386 8 2
1897 70 4 0
1897 2258 2 2
1898 1821 4 0
1898 1876 4 0
1898 1878 4 0
1898 101 4 0
1898 1908 4 0
1899 1873 16 0
1899 17 4 0
1899 126 4 0
1899 1807 8 0
1899 108 4 0
1899 1913 4 0
1899 1821 4 0
1900 1876 4 0
1901 103 4 0
1901 1877 4 0
1901 1807 4 0
1901 4 4 4
1901 101 4 0
1901 16 4 0
83 1852 4 0
83 25 4 0
83 531 4 0
83 1856 4 0
2788 1886 4 2
16 1860 8 0
16 101 8 0
16 1901 4 0
16 25 8 0
16 1852 8 0
16 147 4 0
1907 108 4 0
1908 101 4 0
1908 1898 4 0
1908 56 4 0
1911 1873 4 0
1911 4 4 0
1913 1899 4 0
1913 108 4 0
1917 35 4 0
1917 25 4 0
1917 1893 4 0
1917 71 4 0
1917 1866 4 0
71 25 4 0
71 1893 4 0
71 1917 4 0
1923 108 4 0
1923 1807 4 0
1856 83 4 0
1856 14 4 0
1856 25 4 0
147 1852 4 0
147 1860 4 0
147 101 4 0
147 25 4 0
147 16 4 0
1930 26 4 0
1931 2098 2 2
2307 2342 1 1
2342 2307 1 1
233 2035 2 1
1259 20 2 2
228 486 1 1
223 1893 4 0
223 531 3 0
223 528 3 0
326 14 4 0
326 2011 1 1
789 2035 3 0
2002 2019 1 1
2006 108 6 0
843 25 4 0
2452 1879 4 0
2452 108 6 0
2452 1807 4 0
2011 326 1 1
2019 2002 1 1
486 228 1 1
2026 528 3 0
737 2152 1 1
2035 789 3 0
2035 233 2 1
2039 901 5 0
2494 2206 1 1
2497 360 2 1
2497 1390 1 1
901 2039 5 0
1541 2680 1 1
1285 2147 1 1
1285 2739 1 1
386 1897 8 2
386 2258 3 1
531 25 6 0
531 83 4 0
531 223 3 0
531 528 3 0
531 1893 4 0
2070 4 4 0
2070 1879 4 0
2070 108 4 0
2070 1807 4 0
1499 2148 1 1
2084 2122 1 2
2567 12 4 0
2098 1931 2 2
865 2266 1 1
360 2497 2 1
528 1860 4 0
528 223 3 0
528 2026 3 0
528 531 3 0
528 1893 4 0
2607 1862 4 0
2122 2084 1 2
2147 1285 1 1
2148 1499 1 1
2152 737 1 1
2643 2650 1 1
2650 2643 1 1
2176 2187 3 0
2187 2176 3 0
2187 2216 1 1
2680 1541 1 1
2206 2494 1 1
2216 2187 1 1
1390 2497 1 1
2258 1897 2 2
2258 386 3 1
2266 865 1 1
2739 1285 1 1
2281 89 4 0
2759 2760 1 1
2760 2759 1 1
1852 1930 0 4
1852 1917 0 4
1857 257 0 2
1857 1209 0 2
1859 2741 0 2
15 2309 0 2
15 2368 0 2
15 1232 0 2
15 1751 0 2
15 22 0 4
15 2333 0 2
15 1156 0 2
15 2350 0 6
15 1001 0 2
15 276 0 2
15 256 0 2
15 1724 0 2
15 1217 0 2
2770 2370 0 1
2770 1976 0 2
1866 176 0 2
145 2602 0 2
10 2373 0 1
10 1705 0 1
10 2443 0 1
30 2292 0 1
30 1902 0 2
30 1237 0 1
30 2389 0 1
30 2763 0 1
22 2400 0 2
22 2350 0 2
22 1217 0 2
22 2423 0 2
22 2429 0 4
22 1113 0 2
22 1047 0 2
22 15 0 4
22 2333 0 2
22 1156 0 2
22 1155 0 2
22 2008 0 2
103 1904 0 4
12 147 0 4
1878 1807 0 4
2774 1577 0 1
25 1972 0 2
35 1942 0 2
1886 2153 0 2
1887 2257 0 2
1807 1878 0 4
88 2595 0 2
1892 2653 0 2
71 2077 0 2
1900 1911 0 4
1902 30 0 2
1902 1237 0 4
1904 103 0 4
1905 2052 0 2
1905 1462 0 2
1905 2591 0 2
1911 1900 0 4
1917 1852 0 4
1920 2696 0 2
1850 2801 0 1
2801 1850 0 1
1856 1966 0 2
147 12 0 4
1930 1852 0 4
2331 1717 0 1
2331 2337 0 1
2331 2298 0 1
2331 2400 0 1
2331 1194 0 1
2331 1145 0 1
1717 2304 0 1
1717 1179 0 1
1717 2331 0 1
1717 2337 0 1
2313 2387 0 1
1023 2400 0 1
1023 1232 0 1
1023 2350 0 1
1023 2426 0 1
1023 2366 0 1
2292 2449 0 1
2292 30 0 1
2292 1043 0 1
2296 1245 0 1
2296 1970 0 1
2296 1100 0 1
2296 266 0 1
2296 2624 0 1
2298 2331 0 1
2298 1076 0 1
2298 2602 0 1
2298 1147 0 1
2298 2415 0 1
2298 1715 0 1
2300 2030 0 1
2304 2571 0 1
2304 1717 0 1
2304 1179 0 1
2305 1018 0 1
2307 227 0 2
1936 310 0 1
1936 1088 0 1
2309 275 0 1
2309 2444 0 1
2309 1357 0 1
2309 15 0 2
2309 2368 0 1
2312 2322 0 1
1001 1217 0 1
1001 241 0 1
1001 15 0 2
1001 2350 0 1
1001 1940 0 2
1001 1957 0 2
1001 1991 0 1
1001 486 0 1
1001 2135 0 1
1940 1001 0 2
1940 1957 0 3
1940 217 0 2
1940 486 0 1
1940 172 0 1
1940 2135 0 1
1940 1959 0 1
1940 1980 0 1
1940 275 0 1
1940 1991 0 1
2321 2369 0 1
2322 2312 0 1
2322 2353 0 1
191 154 0 1
191 2002 0 1
191 2019 0 1
191 1243 0 1
1117 2491 0 1
2326 2181 0 1
1942 35 0 2
2328 1316 0 1
2328 2616 0 1
1793 2333 0 1
1793 1113 0 1
1793 1145 0 1
1793 2544 0 1
1793 2611 0 1
1793 1179 0 1
1793 1738 0 1
2332 2449 0 1
2333 1793 0 1
2333 15 0 2
2333 22 0 2
2333 1156 0 1
1179 2371 0 1
1179 1793 0 1
1179 1738 0 1
1179 1190 0 2
1179 1717 0 1
1179 2304 0 1
2335 2355 0 1
2335 2400 0 1
1189 2369 0 1
1189 2418 0 1
2337 2449 0 1
2337 2366 0 1
2337 2331 0 1
2337 1717 0 1
2337 2761 0 1
2339 2496 0 1
2340 2763 0 1
2340 2008 0 1
2340 1317 0 1
2340 2768 0 1
2342 2366 0 1
2342 1193 0 1
2342 227 0 1
1946 1957 0 1
1946 307 0 1
1946 310 0 1
2344 2400 0 1
2344 2538 0 1
2344 2597 0 1
2344 2757 0 1
2347 2651 0 1
2347 2652 0 1
1947 1002 0 1
1948 1983 0 2
1948 265 0 1
1948 1965 0 2
1052 2456 0 1
2349 2350 0 1
154 1991 0 1
154 1217 0 1
154 191 0 1
1225 2400 0 1
1225 2544 0 1
1225 2602 0 1
1156 15 0 2
1156 22 0 2
1156 2333 0 1
1156 1738 0 1
1156 2008 0 1
1156 2571 0 1
1232 15 0 2
1232 2423 0 1
1232 1023 0 1
1232 2350 0 1
1232 2426 0 1
1232 1194 0 1
2350 15 0 6
2350 1001 0 1
2350 276 0 1
2350 256 0 1
2350 2349 0 1
2350 1094 0 2
2350 22 0 2
2350 1217 0 2
2350 1023 0 1
2350 1232 0 1
2350 2426 0 1
1094 1237 0 1
1094 2361 0 1
1094 2423 0 1
1094 2602 0 1
1094 2611 0 1
1094 2350 0 2
1237 30 0 1
1237 1902 0 4
1237 1094 0 1
1237 2361 0 1
1237 2423 0 1
1237 2602 0 1
1237 2611 0 1
1237 2445 0 1
1237 2637 0 1
1217 15 0 2
1217 2350 0 2
1217 1979 0 1
1217 2030 0 1
1217 2447 0 1
1217 1001 0 1
1217 154 0 1
1217 228 0 1
1217 241 0 1
1217 172 0 1
1217 22 0 2
1005 2456 0 1
2353 478 0 1
2353 275 0 1
2353 1191 0 1
2353 1007 0 1
2353 2322 0 1
2355 2335 0 1
2356 1738 0 1
2356 2444 0 1
2356 2449 0 1
2359 1172 0 1
2359 2406 0 1
2361 2369 0 1
2361 2371 0 1
2361 1094 0 1
2361 1237 0 1
2361 2423 0 1
2361 2602 0 1
2361 2611 0 1
1715 2298 0 1
2366 2337 0 1
2366 1023 0 1
2366 2342 0 1
2366 1193 0 1
1955 259 0 1
1245 2296 0 1
1245 1970 0 1
1245 2624 0 1
1022 2494 0 1
1957 308 0 1
1957 1946 0 1
1957 307 0 2
1957 2226 0 1
1957 241 0 1
1957 1001 0 2
1957 1940 0 3
1957 1991 0 1
1957 217 0 2
1957 486 0 1
1957 172 0 1
1957 2135 0 1
1957 1959 0 1
1957 1980 0 1
1957 275 0 1
2368 1088 0 1
2368 1113 0 1
2368 1155 0 1
2368 15 0 2
2368 2309 0 1
2369 1189 0 1
2369 2361 0 1
2369 1145 0 1
2369 2321 0 1
2369 2418 0 1
1959 217 0 2
1959 256 0 1
1959 1992 0 1
1959 259 0 1
1959 2110 0 1
1959 1940 0 1
1959 1957 0 1
1959 1980 0 1
1959 275 0 1
2370 2770 0 1
2371 1179 0 1
2371 2361 0 1
2371 1209 0 1
2373 1705 0 3
2373 2128 0 1
2373 1210 0 1
2373 10 0 1
2373 2443 0 1
228 2135 0 1
228 1217 0 1
1214 1203 0 1
1214 2413 0 2
1214 2757 0 1
1214 1191 0 1
1147 2298 0 1
1147 2413 0 1
1147 1198 0 1
2376 2445 0 1
2376 2544 0 1
2376 2456 0 1
2376 2571 0 1
2376 1738 0 1
2379 1194 0 1
2382 1194 0 1
2382 1210 0 1
1738 1156 0 1
1738 2356 0 1
1738 2376 0 1
1738 1793 0 1
1738 1179 0 1
1209 1857 0 2
1209 257 0 1
1209 2371 0 1
1209 1155 0 1
1963 2142 0 1
2387 2313 0 1
1965 1948 0 2
1965 271 0 1
1965 1002 0 1
1966 1856 0 2
1966 1974 0 1
227 2307 0 2
227 2342 0 1
2389 30 0 1
2389 2654 0 1
2389 2429 0 1
1970 2296 0 1
1970 1245 0 1
1970 1100 0 1
1970 266 0 1
1970 2624 0 1
1100 2296 0 1
1100 1970 0 1
1100 2624 0 1
1190 1179 0 2
1088 2368 0 1
1088 1113 0 1
1088 1155 0 1
1088 1936 0 1
1202 1751 0 1
257 1971 0 1
257 1209 0 1
257 1991 0 1
257 1857 0 2
1971 257 0 1
1971 478 0 1
176 1866 0 2
478 2353 0 1
478 1007 0 1
478 1971 0 1
1972 25 0 2
1974 1966 0 1
1974 740 0 1
1974 326 0 1
1705 2373 0 3
1705 2128 0 1
1705 10 0 1
1705 2443 0 1
1018 2305 0 1
1018 1155 0 1
1018 2008 0 1
1976 2770 0 2
1113 2368 0 1
1113 1088 0 1
1113 1155 0 1
1113 1793 0 1
1113 2544 0 1
1113 2611 0 1
1113 22 0 2
1113 1047 0 1
2400 2344 0 1
2400 1023 0 1
2400 1225 0 1
2400 2335 0 1
2400 2331 0 1
2400 1194 0 1
2400 22 0 2
1979 1217 0 1
1979 2030 0 1
1980 2021 0 1
1980 175 0 1
1980 1940 0 1
1980 1957 0 1
1980 1959 0 1
1980 275 0 1
1980 217 0 1
1980 259 0 1
273 2164 0 1
273 2244 0 1
273 1243 0 1
271 1965 0 1
1172 2359 0 1
1751 2423 0 1
1751 1202 0 1
1751 2008 0 1
1751 15 0 2
1983 1948 0 2
1983 265 0 1
1243 191 0 1
1243 273 0 1
1985 1196 0 1
2409 2744 0 1
201 1215 0 1
344 2257 0 1
2413 1214 0 2
2413 1191 0 1
2413 1147 0 1
2413 2757 0 1
2415 2298 0 1
2417 2597 0 1
2417 256 0 1
2418 1189 0 1
2418 2369 0 1
1991 154 0 1
1991 217 0 1
1991 257 0 1
1991 275 0 1
1991 1001 0 1
1991 1940 0 1
1991 1957 0 1
2423 1751 0 1
2423 1232 0 1
2423 1094 0 1
2423 1237 0 1
2423 2361 0 1
2423 2602 0 1
2423 2611 0 1
2423 22 0 2
2423 2429 0 1
1992 2024 0 1
1992 1959 0 1
2426 1023 0 1
2426 1232 0 1
2426 2350 0 1
1043 2292 0 1
265 1948 0 1
265 1983 0 1
1076 2298 0 1
1076 2602 0 1
326 1974 0 1
2429 2008 0 1
2429 2389 0 1
2429 22 0 4
2429 2423 0 1
2001 2257 0 1
2433 2498 0 1
1155 22 0 2
1155 1018 0 1
1155 2008 0 1
1155 1209 0 1
1155 2368 0 1
1155 1088 0 1
1155 1113 0 1
2002 191 0 1
2002 241 0 1
2442 2637 0 1
2443 10 0 1
2443 2373 0 1
2443 1705 0 1
275 1991 0 1
275 2309 0 1
275 2353 0 1
275 1007 0 1
275 1940 0 1
275 1957 0 1
275 1959 0 1
275 1980 0 1
275 2637 0 1
2444 2356 0 1
2444 2309 0 1
2445 2544 0 2
2445 1237 0 1
2445 2376 0 1
2008 2429 0 1
2008 1156 0 1
2008 2340 0 1
2008 1751 0 1
2008 22 0 2
2008 1018 0 1
2008 1155 0 1
2447 1217 0 1
2449 2292 0 1
2449 2356 0 1
2449 2337 0 1
2449 2332 0 1
1193 2342 0 1
1193 2366 0 1
241 1957 0 1
241 1001 0 1
241 1217 0 1
241 2002 0 1
241 2019 0 1
1357 2309 0 1
213 2530 0 1
217 1959 0 2
217 1991 0 1
217 1940 0 2
217 1957 0 2
217 1980 0 1
217 486 0 1
217 2135 0 1
2456 1005 0 1
2456 1052 0 1
2456 2376 0 1
2456 2571 0 1
2459 2483 0 1
2463 2593 0 1
2016 322 0 2
2018 2039 0 1
259 1955 0 1
259 1980 0 1
259 307 0 1
259 1959 0 1
259 2110 0 1
1194 2379 0 1
1194 2382 0 1
1194 1210 0 1
1194 2331 0 1
1194 2400 0 1
1194 1232 0 1
276 15 0 2
276 2350 0 1
256 15 0 2
256 2350 0 1
256 2417 0 1
256 1959 0 1
1145 2331 0 1
1145 2369 0 1
1145 1793 0 1
1145 2544 0 1
1145 2611 0 1
1203 1214 0 1
1724 15 0 2
2019 2061 0 1
2019 1007 0 1
2019 191 0 1
2019 241 0 1
2019 222 0 1
2469 2597 0 1
2021 1980 0 1
1603 2498 0 1
1210 203 0 1
1210 2382 0 1
1210 1194 0 1
1210 2373 0 1
1317 2340 0 1
1317 2768 0 1
486 1001 0 1
486 1940 0 1
486 1957 0 1
486 217 0 1
486 172 0 2
486 2135 0 2
486 2033 0 3
414 2233 0 1
1047 327 0 1
1047 2241 0 1
1047 22 0 2
1047 1113 0 1
1047 371 0 1
1047 2128 0 1
2024 1992 0 1
310 1936 0 1
310 1946 0 1
175 1980 0 1
2483 2459 0 1
1198 1147 0 1
307 1946 0 1
307 1957 0 2
307 259 0 1
1191 1214 0 1
1191 2413 0 1
1191 2353 0 1
1191 1007 0 1
323 514 0 1
2029 2722 0 1
327 1047 0 1
327 2241 0 1
308 1957 0 1
2491 1117 0 1
2491 2227 0 1
2030 2300 0 1
2030 1217 0 1
2030 1979 0 1
300 382 0 1
300 2248 0 1
2033 486 0 3
1002 1947 0 1
1002 1965 0 1
1273 2183 0 1
2039 2018 0 1
2494 1022 0 1
2494 2498 0 6
2494 1339 0 1
2494 1240 0 8
2494 2503 0 2
1577 2774 0 1
172 1217 0 1
172 486 0 2
172 1940 0 1
172 1957 0 1
172 2135 0 1
2496 2339 0 1
2498 2494 0 6
2498 1240 0 22
2498 1603 0 1
2498 2503 0 1
2498 1339 0 1
2498 2232 0 1
2498 2433 0 1
2499 1316 0 1
2499 2172 0 1
2503 2494 0 2
2503 2498 0 1
2503 1240 0 1
203 1210 0 1
203 2164 0 1
1285 2517 0 1
1285 2747 0 1
2052 1905 0 2
371 1047 0 1
371 2128 0 1
382 300 0 1
382 2248 0 1
2515 2618 0 1
222 2019 0 1
2517 1285 0 1
2517 2747 0 1
1240 2494 0 8
1240 2498 0 22
1240 2503 0 1
1240 2528 0 1
266 2296 0 1
266 1970 0 1
266 2624 0 1
2528 1240 0 1
2530 213 0 1
2072 592 0 1
2538 2344 0 1
1316 2499 0 1
1316 2328 0 1
322 2016 0 2
2544 2445 0 2
2544 2376 0 1
2544 1793 0 1
2544 1113 0 1
2544 1145 0 1
2544 2611 0 1
2544 1225 0 1
2544 2602 0 1
2077 71 0 2
671 2110 0 1
319 2573 0 1
1462 1905 0 2
1462 2591 0 1
2548 2730 0 1
2514 1689 0 1
1196 1985 0 1
2552 1581 0 1
1339 2494 0 1
1339 2498 0 1
2571 1156 0 1
2571 2304 0 1
2571 2376 0 1
2571 2456 0 1
2573 319 0 1
514 323 0 1
2104 741 0 1
393 2144 0 1
2110 671 0 1
2110 1959 0 1
2110 259 0 1
1659 2739 0 1
1581 2552 0 1
1689 2514 0 1
2591 1462 0 1
2591 1905 0 2
2593 2463 0 1
2595 88 0 2
2597 2344 0 1
2597 2757 0 1
2597 2417 0 1
2597 2469 0 1
2602 2298 0 1
2602 1076 0 1
2602 145 0 2
2602 1225 0 1
2602 2544 0 1
2602 1094 0 1
2602 1237 0 1
2602 2361 0 1
2602 2423 0 1
2602 2611 0 1
2128 1047 0 1
2128 371 0 1
2128 2241 0 1
2128 2373 0 1
2128 1705 0 1
2135 228 0 1
2135 486 0 2
2135 1001 0 1
2135 1940 0 1
2135 1957 0 1
2135 217 0 1
2135 172 0 1
2142 1963 0 1
2611 1793 0 1
2611 1113 0 1
2611 1145 0 1
2611 2544 0 1
2611 1094 0 1
2611 1237 0 1
2611 2361 0 1
2611 2423 0 1
2611 2602 0 1
2616 2328 0 1
2144 393 0 1
2618 2515 0 1
2624 2634 0 1
2624 2296 0 1
2624 1245 0 1
2624 1970 0 1
2624 1100 0 1
2624 266 0 1
2061 2019 0 1
2061 1007 0 1
2153 1886 0 2
2634 2624 0 1
2637 2442 0 1
2637 275 0 1
2637 1237 0 1
2164 273 0 1
2164 2244 0 1
2164 2241 0 1
2164 203 0 1
1007 2353 0 1
1007 478 0 1
1007 275 0 1
1007 1191 0 1
1007 2019 0 1
1007 2061 0 1
2172 2499 0 1
2651 2347 0 1
2651 2652 0 1
2652 2347 0 1
2652 2651 0 1
2653 1892 0 2
2654 2389 0 1
1692 2754 0 1
740 1974 0 1
2181 2326 0 1
2183 1273 0 1
2406 2359 0 1
741 2104 0 1
1215 201 0 1
2226 1957 0 1
2705 2757 0 1
2227 2491 0 1
2232 2498 0 1
2233 414 0 1
2241 2164 0 1
2241 1047 0 1
2241 327 0 1
2241 2128 0 1
2244 273 0 1
2244 2164 0 1
2248 300 0 1
2248 382 0 1
2722 2029 0 1
2696 1920 0 2
2730 2548 0 1
2257 344 0 1
2257 1887 0 2
2257 2001 0 1
2739 1659 0 1
2741 1859 0 2
2744 2409 0 1
2747 1285 0 1
2747 2517 0 1
592 2072 0 1
2754 1692 0 1
2757 1214 0 1
2757 2413 0 1
2757 2344 0 1
2757 2597 0 1
2757 2705 0 1
2758 2759 0 1
2758 2760 0 1
2759 2758 0 1
2760 2758 0 1
2761 2337 0 1
2763 30 0 1
2763 2340 0 1
2768 2340 0 1
2768 1317 0 1
