0 1 139 5883 2571
0 1 139 7128 789
0 1 139 7128 2646
0 1 139 7128 531
0 1 139 7128 2670
0 1 139 7128 2247
0 1 12 9423 2424
0 1 12 3110 2707
0 1 12 7058 2707
0 1 12 1507 80
0 1 12 1507 2245
0 1 12 1507 663
0 1 12 1507 299
0 1 12 7778 320
0 1 70 1061 2037
0 1 70 1061 2037
0 1 70 4514 2917
0 1 70 4514 2946
0 1 70 4514 2951
0 1 20 1467 2885
0 1 20 5930 1259
0 1 1 1626 2624
0 1 1 8862 1263
0 1 1 6059 2524
0 1 1804 1437 1887
0 1 1804 1437 1865
0 1 3 2179 70
0 1 3 2179 70
0 1 4 4594 103
0 1 4 4594 1816
0 1 4 4594 2950
0 1 4 4594 103
0 1 4 4594 1816
0 1 4 3434 2041
0 1 4 3434 2041
0 1 4 1204 2013
0 1 4 1204 2973
0 1 4 1204 2051
0 1 4 1204 2013
0 1 4 1204 2210
0 1 4 1204 2051
0 1 4 1204 2328
0 1 4 964 1816
0 1 4 964 1816
0 1 4 1650 2013
0 1 4 1650 2924
0 1 4 1650 2930
0 1 4 1650 2013
0 1 4 9406 2019
0 1 4 9406 108
0 1 4 9406 2939
0 1 4 9406 2146
0 1 4 9406 2592
0 1 4 9406 2019
0 1 4 9406 108
0 1 4 9406 2282
0 1 4 9406 2411
0 1 4 2486 2950
0 1 4 2486 2826
0 1 6 9735 2034
0 1 6 9735 2973
0 1 6 9735 2152
0 1 6 9735 2034
0 1 6 4594 103
0 1 6 4594 4
0 1 6 4594 1816
0 1 6 4594 2950
0 1 6 4594 103
0 1 6 4594 4
0 1 6 4594 1816
0 1 6 6328 2024
0 1 6 6328 2024
0 1 6 6541 2930
0 1 6 6541 2152
0 1 6 148 4
0 1 6 148 4
0 1 6 2943 2820
0 1 6 4875 2013
0 1 6 4875 2013
0 1 6 3459 2975
0 1 6 9099 2975
0 1 6 9099 2210
0 1 7 505 154
0 1 7 505 271
0 1 8 1821 2432
0 1 8 9312 25
0 1 8 9312 326
0 1 8 9312 25
0 1 9 4767 2707
0 1 9 5588 110
0 1 9 5588 110
0 1 9 5220 2020
0 1 9 5220 2020
0 1 10 5039 2299
0 1 10 9763 2381
0 1 10 536 264
0 1 11 9865 2016
0 1 11 9865 2040
0 1 11 9865 1848
0 1 11 9865 2016
0 1 11 9865 2210
0 1 11 9865 2040
0 1 11 955 2033
0 1 11 955 2033
0 1 11 6888 2011
0 1 11 6888 2011
0 1 11 5908 2255
0 1 11 5908 2391
0 1 11 5960 2040
0 1 11 5960 2040
0 1 13 6331 1960
0 1 14 3177 1808
0 1 14 3177 83
0 1 14 3177 233
0 1 14 3177 321
0 1 14 3177 271
0 1 14 3177 223
0 1 14 3177 1808
0 1 14 3177 2166
0 1 14 3177 322
0 1 14 3177 531
0 1 14 3177 2238
0 1 14 3177 528
0 1 14 3177 83
0 1 14 3177 2397
0 1 16 7360 2000
0 1 16 7360 2000
0 1 16 7360 540
0 1 16 7227 25
0 1 16 7227 83
0 1 16 7227 25
0 1 16 7227 531
0 1 16 7227 83
0 1 16 2730 25
0 1 16 2730 2971
0 1 16 2730 25
0 1 16 9144 2931
0 1 16 9144 252
0 1 16 9144 843
0 1 16 3085 2011
0 1 16 3085 2011
0 1 16 2582 1992
0 1 16 2582 2000
0 1 16 2582 101
0 1 16 2582 25
0 1 16 2582 3002
0 1 16 2582 147
0 1 16 2582 1992
0 1 16 2582 2000
0 1 16 2582 2104
0 1 16 2582 101
0 1 16 2582 25
0 1 16 2582 147
0 1 16 955 2033
0 1 16 955 2033
0 1 17 7100 2039
0 1 17 7100 2039
0 1 17 4271 2932
0 1 17 1058 2029
0 1 17 1058 2029
0 1 17 1058 528
0 1 18 346 2947
0 1 18 346 2979
0 1 18 5482 1821
0 1 18 5482 2947
0 1 18 5482 2979
0 1 18 422 1809
0 1 18 422 1821
0 1 18 422 2947
0 1 18 677 1821
0 1 18 677 2947
0 1 18 677 2979
0 1 18 9049 1809
0 1 18 213 1821
0 1 18 213 2947
0 1 18 213 2979
0 1 18 3780 1821
0 1 18 3780 2947
0 1 18 3780 2979
0 1 18 2681 1821
0 1 18 2681 2947
0 1 18 8051 1821
0 1 18 8051 2979
0 1 18 5745 1821
0 1 18 5745 2947
0 1 18 7034 2979
0 1 18 7403 2979
0 1 18 3787 1821
0 1 18 3787 2947
0 1 18 3787 2979
0 1 18 1794 1821
0 1 18 1794 2947
0 1 18 3559 1821
0 1 18 3559 2947
0 1 18 3559 2979
0 1 18 5867 1821
0 1 18 5867 2947
0 1 18 5867 2979
0 1 18 1588 1821
0 1 18 1588 2947
0 1 18 1588 2979
0 1 18 2510 1823
0 1 18 696 2979
0 1 18 8297 2947
0 1 18 5086 1821
0 1 18 5086 2947
0 1 18 6931 1809
0 1 18 6931 1821
0 1 18 6931 2947
0 1 18 6931 2979
0 1 18 6898 1821
0 1 18 6898 2947
0 1 18 6091 1821
0 1 18 6091 2947
0 1 18 9974 1809
0 1 18 2299 1821
0 1 18 2299 2947
0 1 18 2299 2979
0 1 18 9759 1824
0 1 18 7151 1821
0 1 18 3874 1821
0 1 18 3874 2947
0 1 18 3874 2979
0 1 18 4753 2947
0 1 18 4753 2979
0 1 19 5515 1994
0 1 19 5515 1994
0 1 19 9368 2002
0 1 19 9368 2002
0 1 19 9368 326
0 1 19 9368 256
0 1 19 9368 2747
0 1 19 3374 2006
0 1 19 3374 2057
0 1 19 3374 2006
0 1 19 3374 793
0 1 19 3374 452
0 1 19 3374 2057
0 1 19 4464 2027
0 1 19 4464 2104
0 1 19 4464 2027
0 1 19 4464 2244
0 1 19 4211 2104
0 1 19 4211 531
0 1 19 4211 2292
0 1 19 9757 2553
0 1 19 9757 2747
0 1 23 6576 2627
0 1 23 5678 2251
0 1 24 3238 2555
0 1 24 2038 1002
0 1 24 9478 1027
0 1 1808 7172 115
0 1 1808 7172 115
0 1 1808 3177 83
0 1 1808 3177 233
0 1 1808 3177 321
0 1 1808 3177 271
0 1 1808 3177 223
0 1 1808 3177 2166
0 1 1808 3177 322
0 1 1808 3177 531
0 1 1808 3177 2238
0 1 1808 3177 528
0 1 1808 3177 83
0 1 1808 3177 2397
0 1 1808 3574 2161
0 1 1809 5867 18
0 1 1809 5867 1821
0 1 1809 5867 2947
0 1 1809 5867 2979
0 1 1809 5867 18
0 1 1809 6931 18
0 1 1809 6931 1821
0 1 1809 6931 2947
0 1 1809 6931 2979
0 1 1809 6931 18
0 1 1809 3359 18
0 1 1809 3359 2947
0 1 1809 3359 2979
0 1 1809 3359 18
0 1 1809 839 2979
0 1 1809 1838 18
0 1 1809 1838 2947
0 1 1809 1838 18
0 1 1809 5433 1811
0 1 1810 7100 17
0 1 1810 7100 2039
0 1 1810 7100 17
0 1 1810 7100 2039
0 1 1810 7547 2932
0 1 1810 2109 17
0 1 1810 2109 17
0 1 1810 3843 2039
0 1 1810 3843 2039
0 1 1810 9099 2975
0 1 1810 9099 2210
0 1 1810 10037 2921
0 1 1810 9754 2925
0 1 1810 8132 2921
0 1 1810 3431 2932
0 1 1810 9372 2932
0 1 1810 9372 2210
0 1 1811 8105 1813
0 1 1811 1838 18
0 1 1811 1838 1809
0 1 1811 1838 2947
0 1 1811 1838 18
0 1 1811 3075 18
0 1 1811 3075 1821
0 1 1811 3075 2947
0 1 1811 3075 2979
0 1 1811 3075 18
0 1 1811 2299 18
0 1 1811 2299 1821
0 1 1811 2299 2947
0 1 1811 2299 2979
0 1 1811 2299 18
0 1 1811 7930 1813
0 1 1811 7930 1865
0 1 1811 1903 1823
0 1 1811 1903 1849
0 1 1811 5518 1813
0 1 1811 9604 18
0 1 1811 9604 1813
0 1 1811 9604 2979
0 1 1811 9604 18
0 1 1811 333 1865
0 1 1811 1619 1813
0 1 1811 1619 1823
0 1 1811 1619 1853
0 1 1811 7349 1865
0 1 1811 1434 1823
0 1 1811 5273 1823
0 1 1811 5273 1849
0 1 1811 744 1849
0 1 1811 744 1865
0 1 1811 910 1809
0 1 1811 1531 1823
0 1 1811 4577 1849
0 1 1811 7893 1865
0 1 1811 9996 1823
0 1 1811 9996 1849
0 1 1811 1055 1813
0 1 1811 2510 1823
0 1 1811 9208 1823
0 1 1811 9208 1849
0 1 1811 18 2895
0 1 1811 7650 1813
0 1 1811 3119 1823
0 1 1811 5530 1865
0 1 1811 1166 1865
0 1 1811 6015 1865
0 1 1811 4492 1813
0 1 1811 3491 1813
0 1 1811 3491 1865
0 1 1811 3558 1813
0 1 1811 3558 1865
0 1 1811 7447 1849
0 1 1811 7447 1865
0 1 1811 837 1853
0 1 1811 837 1865
0 1 1811 5765 1853
0 1 1811 3674 1813
0 1 1811 7044 1823
0 1 1811 7044 1865
0 1 1811 1645 1865
0 1 1811 5514 1853
0 1 25 9145 56
0 1 25 9145 56
0 1 25 2959 35
0 1 25 2959 35
0 1 25 2643 2071
0 1 25 2643 2238
0 1 25 5344 2033
0 1 25 5344 2057
0 1 25 5344 71
0 1 25 5344 252
0 1 25 5344 330
0 1 25 5344 321
0 1 25 5344 223
0 1 25 5344 843
0 1 25 5344 2166
0 1 25 5344 531
0 1 25 5344 2033
0 1 25 5344 528
0 1 25 5344 2057
0 1 25 5344 71
0 1 25 9312 326
0 1 25 6356 737
0 1 26 5908 2255
0 1 26 5908 2391
0 1 26 7360 2000
0 1 26 7360 16
0 1 26 7360 2000
0 1 26 7360 540
0 1 26 7360 16
0 1 1812 8990 1819
0 1 1812 2001 2210
0 1 1812 6762 103
0 1 1812 6762 2019
0 1 1812 6762 103
0 1 1812 6762 2019
0 1 1812 1830 2210
0 1 1812 5648 2019
0 1 1812 5648 1904
0 1 1812 5648 3017
0 1 1812 5648 2019
0 1 1812 2089 1816
0 1 1812 2089 1816
0 1 1812 310 2018
0 1 1812 310 2018
0 1 1812 310 2826
0 1 1812 7242 2924
0 1 27 5495 2030
0 1 27 5495 2030
0 1 28 3843 2039
0 1 28 3843 2039
0 1 28 6419 2925
0 1 28 3073 17
0 1 28 3073 17
0 1 28 310 2018
0 1 28 310 2018
0 1 28 310 2826
0 1 28 3153 2013
0 1 28 3153 2039
0 1 28 3153 2013
0 1 28 3153 2039
0 1 28 5722 2013
0 1 28 5722 1914
0 1 28 5722 1816
0 1 28 5722 2013
0 1 28 5722 2146
0 1 28 5722 1816
0 1 28 10037 2921
0 1 28 1141 1819
0 1 28 1141 108
0 1 28 1141 126
0 1 28 1141 108
0 1 28 1141 126
0 1 28 5332 2939
0 1 28 5332 2146
0 1 29 8258 2104
0 1 29 8258 478
0 1 29 8258 741
0 1 1813 1434 1823
0 1 1813 3491 1811
0 1 1813 3491 1865
0 1 1813 3193 1811
0 1 1813 8415 1824
0 1 1813 5788 1853
0 1 1813 5788 1824
0 1 1813 7044 1811
0 1 1813 7044 1823
0 1 1813 7044 1865
0 1 1813 3558 1811
0 1 1813 3558 1865
0 1 1813 9996 1823
0 1 1813 9996 1849
0 1 1813 3119 1823
0 1 1813 3091 2947
0 1 1813 3091 2979
0 1 1813 5514 1811
0 1 1813 5514 1853
0 1 1813 5787 1853
0 1 1813 5787 1865
0 1 1813 18 2895
0 1 1813 9208 1823
0 1 1813 9208 1849
0 1 1813 1055 1811
0 1 1813 4492 1811
0 1 1813 9870 1811
0 1 1813 7447 1811
0 1 1813 7447 1849
0 1 1813 7447 1865
0 1 31 8912 1961
0 1 31 8037 260
0 1 33 3177 1808
0 1 33 3177 83
0 1 33 3177 233
0 1 33 3177 321
0 1 33 3177 271
0 1 33 3177 223
0 1 33 3177 1808
0 1 33 3177 2166
0 1 33 3177 322
0 1 33 3177 531
0 1 33 3177 2238
0 1 33 3177 528
0 1 33 3177 83
0 1 33 3177 2397
0 1 33 5909 452
0 1 33 6670 14
0 1 33 6670 25
0 1 33 6670 14
0 1 33 6670 233
0 1 33 6670 344
0 1 33 6670 326
0 1 33 6670 789
0 1 33 6670 840
0 1 33 6670 843
0 1 33 6670 25
0 1 33 955 2033
0 1 33 955 2033
0 1 33 4887 2033
0 1 33 4887 344
0 1 33 4887 223
0 1 33 4887 322
0 1 33 4887 531
0 1 33 4887 2033
0 1 33 4887 528
0 1 1816 6144 2921
0 1 1816 7547 2932
0 1 1816 6256 2925
0 1 1816 2906 2013
0 1 1816 2906 2939
0 1 1816 2906 2013
0 1 1816 4566 2975
0 1 1816 5803 126
0 1 1816 5803 2039
0 1 1816 5803 126
0 1 1816 5803 2039
0 1 1816 4594 103
0 1 1816 4594 4
0 1 1816 4594 2950
0 1 1816 4594 103
0 1 1816 4594 4
0 1 1816 6175 2924
0 1 1816 6175 4
0 1 1816 6175 1904
0 1 1816 6175 2953
0 1 1816 6175 1818
0 1 1816 6175 2592
0 1 1816 6175 4
0 1 1816 5722 2013
0 1 1816 5722 1914
0 1 1816 5722 2013
0 1 1816 5722 2146
0 1 1817 415 2013
0 1 1817 415 2016
0 1 1817 415 1939
0 1 1817 415 2013
0 1 1817 415 2016
0 1 1817 415 2404
0 1 1817 9372 2932
0 1 1817 9372 2210
0 1 1817 6256 2925
0 1 1817 3843 2039
0 1 1817 3843 2039
0 1 1817 9754 2925
0 1 1817 4566 2975
0 1 1817 6144 2921
0 1 1817 3153 2013
0 1 1817 3153 2039
0 1 1817 3153 2013
0 1 1817 3153 2039
0 1 1817 10037 2921
0 1 1817 5428 17
0 1 1817 5428 17
0 1 1817 2906 2013
0 1 1817 2906 2939
0 1 1817 2906 2013
0 1 1817 7100 17
0 1 1817 7100 2039
0 1 1817 7100 17
0 1 1817 7100 2039
0 1 1817 6419 2925
0 1 1817 634 2924
0 1 1817 634 103
0 1 1817 634 2939
0 1 1817 634 2041
0 1 1817 634 1818
0 1 1817 634 2152
0 1 1817 634 103
0 1 1817 634 2041
0 1 1817 3431 2932
0 1 1817 3949 2932
0 1 1817 8132 2921
0 1 1818 669 2039
0 1 1818 669 2039
0 1 1818 8232 101
0 1 1818 8232 1939
0 1 1818 8232 2038
0 1 1818 8232 2048
0 1 1818 8232 101
0 1 1818 8232 2038
0 1 1818 8232 2048
0 1 1818 1061 70
0 1 1818 1061 2037
0 1 1818 1061 70
0 1 1818 1061 2037
0 1 1818 6888 2011
0 1 1818 6888 2011
0 1 1818 6838 101
0 1 1818 6838 2041
0 1 1818 6838 16
0 1 1818 6838 101
0 1 1818 6838 2041
0 1 1818 6838 16
0 1 1818 531 101
0 1 1818 531 101
0 1 1818 7503 2016
0 1 1818 7503 2016
0 1 1818 3854 2038
0 1 1818 3854 2038
0 1 1818 9865 2016
0 1 1818 9865 2040
0 1 1818 9865 1848
0 1 1818 9865 2016
0 1 1818 9865 2210
0 1 1818 9865 2040
0 1 1818 5908 2255
0 1 1818 5908 2391
0 1 1818 3451 2016
0 1 1818 3451 1848
0 1 1818 3451 2016
0 1 1818 6286 2232
0 1 34 1631 191
0 1 34 2695 843
0 1 34 2695 464
0 1 34 5344 25
0 1 34 5344 2033
0 1 34 5344 2057
0 1 34 5344 71
0 1 34 5344 252
0 1 34 5344 330
0 1 34 5344 321
0 1 34 5344 223
0 1 34 5344 843
0 1 34 5344 2166
0 1 34 5344 25
0 1 34 5344 531
0 1 34 5344 2033
0 1 34 5344 528
0 1 34 5344 2057
0 1 34 5344 71
0 1 34 2297 2104
0 1 34 2297 740
0 1 34 8024 699
0 1 35 3462 2057
0 1 35 3462 2057
0 1 35 2684 1997
0 1 35 2684 99
0 1 35 2684 1997
0 1 35 2684 99
0 1 35 9368 2002
0 1 35 9368 2002
0 1 35 9368 326
0 1 35 9368 256
0 1 35 9368 2747
0 1 35 2959 25
0 1 35 2959 25
0 1 37 5712 2071
0 1 37 5712 2576
0 1 37 5712 2707
0 1 1819 2301 2592
0 1 1819 7757 4
0 1 1819 7757 1816
0 1 1819 7757 2983
0 1 1819 7757 4
0 1 1819 7757 1816
0 1 1819 3118 2559
0 1 1819 1141 108
0 1 1819 1141 126
0 1 1819 1141 108
0 1 1819 1141 126
0 1 1819 2555 2920
0 1 1819 2555 2019
0 1 1819 2555 2019
0 1 1819 9678 1914
0 1 1819 9678 2039
0 1 1819 9678 2053
0 1 1819 9678 2039
0 1 1819 9678 2053
0 1 1819 1691 103
0 1 1819 1691 103
0 1 1819 9301 2017
0 1 1819 9301 2019
0 1 1819 9301 1914
0 1 1819 9301 2017
0 1 1819 9301 2019
0 1 1819 9883 4
0 1 1819 9883 4
0 1 1819 7365 2920
0 1 1819 7365 2924
0 1 1819 7365 108
0 1 1819 7365 2047
0 1 1819 7365 2559
0 1 1819 7365 2146
0 1 1819 7365 108
0 1 1819 7365 2210
0 1 1819 7365 2047
0 1 1819 6762 103
0 1 1819 6762 2019
0 1 1819 6762 1812
0 1 1819 6762 103
0 1 1819 6762 2019
0 1 1819 1657 2019
0 1 1819 1657 2019
0 1 1819 976 103
0 1 1819 976 103
0 1 1819 9638 2146
0 1 1819 717 2146
0 1 1819 6527 2920
0 1 1819 6527 2960
0 1 1819 6527 2592
0 1 1819 6528 2826
0 1 1820 7693 1821
0 1 1820 7693 2947
0 1 1820 7693 2979
0 1 1820 5129 2947
0 1 1820 287 1809
0 1 1820 9320 2947
0 1 1820 9320 2979
0 1 1821 677 18
0 1 1821 677 2947
0 1 1821 677 2979
0 1 1821 677 18
0 1 1821 3787 18
0 1 1821 3787 2947
0 1 1821 3787 2979
0 1 1821 3787 18
0 1 1821 9049 1809
0 1 1821 5482 18
0 1 1821 5482 2947
0 1 1821 5482 2979
0 1 1821 5482 18
0 1 1821 3559 18
0 1 1821 3559 2947
0 1 1821 3559 2979
0 1 1821 3559 18
0 1 1821 5867 18
0 1 1821 5867 2947
0 1 1821 5867 2979
0 1 1821 5867 18
0 1 1821 8051 2979
0 1 1821 2681 2947
0 1 1821 213 2947
0 1 1821 213 2979
0 1 1821 1794 2947
0 1 1821 3780 2947
0 1 1821 3780 2979
0 1 1821 5745 2947
0 1 1821 1588 18
0 1 1821 1588 2947
0 1 1821 1588 2979
0 1 1821 1588 18
0 1 1821 346 2947
0 1 1821 346 2979
0 1 1821 2423 2947
0 1 1821 696 2979
0 1 1821 6091 2947
0 1 1821 6898 2947
0 1 1821 7034 2979
0 1 1821 1687 2979
0 1 1821 1531 1823
0 1 1821 2732 1809
0 1 1821 9683 2947
0 1 1821 9683 2979
0 1 1821 1326 2947
0 1 1821 1326 2979
0 1 1821 6931 18
0 1 1821 6931 1809
0 1 1821 6931 2947
0 1 1821 6931 2979
0 1 1821 6931 18
0 1 1821 3789 2947
0 1 1821 3789 2979
0 1 1821 7151 18
0 1 1821 7151 18
0 1 1821 7693 2947
0 1 1821 7693 2979
0 1 1821 5086 18
0 1 1821 5086 2947
0 1 1821 5086 18
0 1 1821 5470 2947
0 1 1821 8501 2947
0 1 1821 9759 1824
0 1 1821 8557 2947
0 1 1821 8557 2979
0 1 1821 1640 2947
0 1 1821 4806 18
0 1 1821 4806 2947
0 1 1821 4806 18
0 1 1821 3874 18
0 1 1821 3874 2947
0 1 1821 3874 2979
0 1 1821 3874 18
0 1 1821 5693 2947
0 1 1821 2299 18
0 1 1821 2299 2947
0 1 1821 2299 2979
0 1 1821 2299 18
0 1 1821 6735 1823
0 1 1821 8005 18
0 1 1821 8005 2947
0 1 1821 8005 18
0 1 1821 7734 2947
0 1 41 7365 2920
0 1 41 7365 2924
0 1 41 7365 1819
0 1 41 7365 108
0 1 41 7365 2047
0 1 41 7365 2559
0 1 41 7365 2146
0 1 41 7365 108
0 1 41 7365 2210
0 1 41 7365 2047
0 1 1823 226 1849
0 1 1823 4045 1849
0 1 1823 3125 1824
0 1 1823 1435 1813
0 1 1823 1435 1824
0 1 1823 1645 1811
0 1 1823 1645 1865
0 1 1823 6449 1824
0 1 1823 9996 1849
0 1 1823 1063 1824
0 1 1823 744 1849
0 1 1823 744 1865
0 1 1823 9208 1849
0 1 1823 3000 1849
0 1 1823 8304 1849
0 1 1823 4492 1813
0 1 1823 4492 1811
0 1 1823 6623 1821
0 1 1823 6623 2947
0 1 1823 18 2895
0 1 1823 9870 1813
0 1 1823 9870 1811
0 1 1823 8415 1813
0 1 1823 8415 1824
0 1 1823 7650 1813
0 1 1823 1903 1811
0 1 1823 1903 1849
0 1 1823 863 1849
0 1 1823 3491 1813
0 1 1823 3491 1811
0 1 1823 3491 1865
0 1 1823 5273 1811
0 1 1823 5273 1849
0 1 1823 1443 1849
0 1 1824 226 1823
0 1 1824 226 1849
0 1 1824 4045 1823
0 1 1824 4045 1849
0 1 1824 3752 1849
0 1 1824 744 1849
0 1 1824 744 1865
0 1 1824 1435 1813
0 1 1824 4828 1823
0 1 1824 9700 1823
0 1 1824 289 1823
0 1 1824 3877 1849
0 1 1825 5634 322
0 1 1828 2582 1992
0 1 1828 2582 2000
0 1 1828 2582 101
0 1 1828 2582 25
0 1 1828 2582 16
0 1 1828 2582 3002
0 1 1828 2582 147
0 1 1828 2582 1992
0 1 1828 2582 2000
0 1 1828 2582 2104
0 1 1828 2582 101
0 1 1828 2582 25
0 1 1828 2582 16
0 1 1828 2582 147
0 1 45 4335 2863
0 1 45 3282 2199
0 1 45 5804 665
0 1 45 5804 264
0 1 46 310 2018
0 1 46 310 2018
0 1 46 310 2826
0 1 46 7547 2932
0 1 46 960 2924
0 1 46 7100 17
0 1 46 7100 2039
0 1 46 7100 17
0 1 46 7100 2039
0 1 47 6249 840
0 1 47 6249 2391
0 1 47 9322 322
0 1 47 3177 1808
0 1 47 3177 83
0 1 47 3177 233
0 1 47 3177 321
0 1 47 3177 271
0 1 47 3177 223
0 1 47 3177 1808
0 1 47 3177 2166
0 1 47 3177 322
0 1 47 3177 531
0 1 47 3177 2238
0 1 47 3177 528
0 1 47 3177 83
0 1 47 3177 2397
0 1 47 2225 14
0 1 47 2225 25
0 1 47 2225 1996
0 1 47 2225 14
0 1 47 2225 326
0 1 47 2225 2151
0 1 47 2225 25
0 1 47 2225 531
0 1 47 2225 464
0 1 47 2225 299
0 1 47 2225 1996
0 1 1831 1066 2003
0 1 1831 1066 2003
0 1 1831 6537 2003
0 1 1831 6537 2003
0 1 1831 6537 2442
0 1 49 4940 60
0 1 49 4940 60
0 1 49 8596 71
0 1 49 8596 71
0 1 49 8596 2863
0 1 49 6558 60
0 1 49 6558 60
0 1 49 8645 2988
0 1 49 8645 2546
0 1 49 8645 290
0 1 49 5311 60
0 1 49 5311 60
0 1 36 5588 110
0 1 36 5588 110
0 1 36 2148 2670
0 1 36 7172 1808
0 1 36 7172 115
0 1 36 7172 1808
0 1 36 7172 115
0 1 36 2134 1155
0 1 36 650 2002
0 1 36 650 2002
0 1 1833 5185 322
0 1 1833 7386 2056
0 1 1833 7386 2056
0 1 1833 7075 2932
0 1 1833 2507 101
0 1 1833 2507 1848
0 1 1833 2507 101
0 1 1833 2507 297
0 1 1833 1892 101
0 1 1833 1892 2011
0 1 1833 1892 101
0 1 1833 1892 2011
0 1 1833 1775 1852
0 1 1833 1775 2921
0 1 1833 1775 1852
0 1 50 8667 2053
0 1 50 8667 2053
0 1 52 227 2988
0 1 52 2314 70
0 1 52 2314 70
0 1 52 8253 1992
0 1 52 8253 83
0 1 52 8253 1992
0 1 52 8253 83
0 1 53 10029 2798
0 1 54 2757 2597
0 1 1838 8232 101
0 1 1838 8232 1939
0 1 1838 8232 2038
0 1 1838 8232 2048
0 1 1838 8232 101
0 1 1838 8232 2038
0 1 1838 8232 2048
0 1 1838 9406 2019
0 1 1838 9406 108
0 1 1838 9406 2939
0 1 1838 9406 2146
0 1 1838 9406 2592
0 1 1838 9406 2019
0 1 1838 9406 108
0 1 1838 9406 2282
0 1 1838 9406 2411
0 1 1838 6783 2559
0 1 55 9735 2034
0 1 55 9735 2973
0 1 55 9735 2152
0 1 55 9735 2034
0 1 56 3177 1808
0 1 56 3177 83
0 1 56 3177 233
0 1 56 3177 321
0 1 56 3177 271
0 1 56 3177 223
0 1 56 3177 1808
0 1 56 3177 2166
0 1 56 3177 322
0 1 56 3177 531
0 1 56 3177 2238
0 1 56 3177 528
0 1 56 3177 83
0 1 56 3177 2397
0 1 56 6670 14
0 1 56 6670 25
0 1 56 6670 14
0 1 56 6670 233
0 1 56 6670 344
0 1 56 6670 326
0 1 56 6670 789
0 1 56 6670 840
0 1 56 6670 843
0 1 56 6670 25
0 1 56 2225 14
0 1 56 2225 25
0 1 56 2225 1996
0 1 56 2225 14
0 1 56 2225 326
0 1 56 2225 2151
0 1 56 2225 25
0 1 56 2225 531
0 1 56 2225 464
0 1 56 2225 299
0 1 56 2225 1996
0 1 56 6312 2048
0 1 56 6312 254
0 1 56 6312 2048
0 1 57 960 2924
0 1 57 4518 1904
0 1 57 4518 108
0 1 57 4518 108
0 1 58 1684 1808
0 1 58 1684 1808
0 1 59 1984 1819
0 1 59 1984 1812
0 1 59 1984 2065
0 1 59 1984 2065
0 1 60 8645 2988
0 1 60 8645 2546
0 1 60 8645 290
0 1 60 8006 552
0 1 60 6051 2988
0 1 60 1972 290
0 1 60 8596 71
0 1 60 8596 71
0 1 60 8596 2863
0 1 60 335 1855
0 1 60 335 186
0 1 60 8857 2988
0 1 60 8857 322
0 1 60 8857 2292
0 1 61 4594 103
0 1 61 4594 4
0 1 61 4594 1816
0 1 61 4594 2950
0 1 61 4594 103
0 1 61 4594 4
0 1 61 4594 1816
0 1 61 2295 2950
0 1 61 2295 2959
0 1 61 2295 2592
0 1 61 9301 2017
0 1 61 9301 2019
0 1 61 9301 1914
0 1 61 9301 2017
0 1 61 9301 2019
0 1 61 7365 2920
0 1 61 7365 2924
0 1 61 7365 1819
0 1 61 7365 108
0 1 61 7365 2047
0 1 61 7365 2559
0 1 61 7365 2146
0 1 61 7365 108
0 1 61 7365 2210
0 1 61 7365 2047
0 1 61 8748 2011
0 1 61 8748 2924
0 1 61 8748 2011
0 1 61 4242 2019
0 1 61 4242 2019
0 1 61 4242 2826
0 1 61 7250 1816
0 1 61 7250 2210
0 1 61 7250 1816
0 1 1842 8829 2041
0 1 1842 8829 2041
0 1 1842 4635 2146
0 1 1842 5449 2013
0 1 1842 5449 108
0 1 1842 5449 1816
0 1 1842 5449 2039
0 1 1842 5449 2013
0 1 1842 5449 108
0 1 1842 5449 1816
0 1 1842 5449 2039
0 1 1842 8550 4
0 1 1842 8550 1816
0 1 1842 8550 2150
0 1 1842 8550 4
0 1 1842 8550 1816
0 1 1844 85 1887
0 1 1844 7670 1900
0 1 1844 1437 1887
0 1 1844 1437 1865
0 1 1844 1801 1887
0 1 62 2179 70
0 1 62 2179 70
0 1 62 5058 2011
0 1 62 5058 1848
0 1 62 5058 2011
0 1 1846 1207 100
0 1 1846 1207 100
0 1 63 1204 2013
0 1 63 1204 4
0 1 63 1204 2973
0 1 63 1204 2051
0 1 63 1204 2013
0 1 63 1204 4
0 1 63 1204 2210
0 1 63 1204 2051
0 1 63 1204 2328
0 1 63 7386 2056
0 1 63 7386 2056
0 1 1848 2507 101
0 1 1848 2507 101
0 1 1848 2507 297
0 1 1848 9865 2016
0 1 1848 9865 2040
0 1 1848 9865 2016
0 1 1848 9865 2210
0 1 1848 9865 2040
0 1 1848 3451 2016
0 1 1848 3451 2016
0 1 1848 5058 2011
0 1 1848 5058 2011
0 1 1848 130 343
0 1 1848 6816 2028
0 1 1848 6816 2028
0 1 1848 6212 2016
0 1 1848 6212 2016
0 1 1848 8550 4
0 1 1848 8550 1816
0 1 1848 8550 2150
0 1 1848 8550 4
0 1 1848 8550 1816
0 1 1848 6390 2011
0 1 1848 6390 2011
0 1 65 4594 103
0 1 65 4594 4
0 1 65 4594 1816
0 1 65 4594 2950
0 1 65 4594 103
0 1 65 4594 4
0 1 65 4594 1816
0 1 65 2579 1819
0 1 65 5722 2013
0 1 65 5722 1914
0 1 65 5722 1816
0 1 65 5722 2013
0 1 65 5722 2146
0 1 65 5722 1816
0 1 1849 3933 1823
0 1 1849 7580 2387
0 1 1849 1063 1824
0 1 1849 2547 1865
0 1 1849 5530 1865
0 1 1849 744 1865
0 1 1849 8239 1865
0 1 1849 8304 1823
0 1 1849 3000 1823
0 1 1849 6623 1821
0 1 1849 6623 2947
0 1 1849 7924 1821
0 1 1849 235 1865
0 1 1849 371 1821
0 1 1849 1531 1823
0 1 66 2725 835
0 1 1850 9099 2975
0 1 1850 9099 2210
0 1 1850 4875 2013
0 1 1850 4875 2013
0 1 1850 6770 2975
0 1 1850 2039 2975
0 1 67 9769 275
0 1 1852 415 2013
0 1 1852 415 2016
0 1 1852 415 1939
0 1 1852 415 2013
0 1 1852 415 2016
0 1 1852 415 2404
0 1 1853 3091 1813
0 1 1853 3091 2947
0 1 1853 3091 2979
0 1 1853 3193 1813
0 1 1853 3193 1811
0 1 1853 1619 1813
0 1 1853 1619 1823
0 1 1853 837 1865
0 1 1853 1166 1865
0 1 1853 5814 1813
0 1 1853 744 1849
0 1 1853 744 1865
0 1 1853 5530 1865
0 1 1853 6015 1865
0 1 1853 2690 1813
0 1 1853 628 2947
0 1 1853 628 2979
0 1 1853 2547 1849
0 1 1853 2547 1865
0 1 1853 5371 1813
0 1 1853 5514 1811
0 1 1853 9118 1813
0 1 1853 2319 1813
0 1 1853 1435 1813
0 1 1853 1435 1824
0 1 1853 8901 1813
0 1 1853 5787 1865
0 1 1853 8239 1865
0 1 69 4635 2146
0 1 69 6783 2559
0 1 69 8778 2920
0 1 69 8778 108
0 1 69 8778 1816
0 1 69 8778 2063
0 1 69 8778 108
0 1 69 8778 1816
0 1 69 8778 2063
0 1 1855 7709 2199
0 1 1855 335 186
0 1 1855 9351 2199
0 1 1855 7549 2299
0 1 1855 2702 1458
0 1 71 6412 1458
0 1 71 8596 2863
0 1 72 5512 99
0 1 72 5512 154
0 1 72 5512 99
0 1 72 7354 1808
0 1 72 7354 1808
0 1 72 4887 2033
0 1 72 4887 344
0 1 72 4887 223
0 1 72 4887 322
0 1 72 4887 531
0 1 72 4887 2033
0 1 72 4887 528
0 1 1857 8621 1848
0 1 1857 5185 322
0 1 1857 3451 2016
0 1 1857 3451 1848
0 1 1857 3451 2016
0 1 1857 599 1848
0 1 74 5908 2255
0 1 74 5908 2391
0 1 74 2582 1992
0 1 74 2582 2000
0 1 74 2582 101
0 1 74 2582 25
0 1 74 2582 16
0 1 74 2582 3002
0 1 74 2582 147
0 1 74 2582 1992
0 1 74 2582 2000
0 1 74 2582 2104
0 1 74 2582 101
0 1 74 2582 25
0 1 74 2582 16
0 1 74 2582 147
0 1 1862 2314 70
0 1 1862 2314 70
0 1 1865 9974 1809
0 1 1865 5318 1849
0 1 1865 7930 1813
0 1 1865 7930 1811
0 1 1865 1838 18
0 1 1865 1838 1809
0 1 1865 1838 2947
0 1 1865 1838 18
0 1 1865 910 1809
0 1 1865 333 1811
0 1 1865 7349 1811
0 1 1865 8105 1813
0 1 1865 9604 18
0 1 1865 9604 1813
0 1 1865 9604 2979
0 1 1865 9604 18
0 1 1865 5518 1813
0 1 1865 744 1849
0 1 1865 226 1823
0 1 1865 226 1849
0 1 1865 3033 1811
0 1 1865 3119 1823
0 1 1865 4577 1849
0 1 1865 7893 1811
0 1 1865 3075 18
0 1 1865 3075 1821
0 1 1865 3075 2947
0 1 1865 3075 2979
0 1 1865 3075 18
0 1 1865 1055 1813
0 1 1865 1055 1811
0 1 77 4216 386
0 1 77 4216 2398
0 1 82 1964 1848
0 1 82 2582 1992
0 1 82 2582 2000
0 1 82 2582 101
0 1 82 2582 25
0 1 82 2582 16
0 1 82 2582 3002
0 1 82 2582 147
0 1 82 2582 1992
0 1 82 2582 2000
0 1 82 2582 2104
0 1 82 2582 101
0 1 82 2582 25
0 1 82 2582 16
0 1 82 2582 147
0 1 82 5449 2013
0 1 82 5449 108
0 1 82 5449 1816
0 1 82 5449 2039
0 1 82 5449 2013
0 1 82 5449 108
0 1 82 5449 1816
0 1 82 5449 2039
0 1 82 920 1904
0 1 82 2295 2950
0 1 82 2295 2959
0 1 82 2295 2592
0 1 82 2579 1819
0 1 83 8253 1992
0 1 83 8253 1992
0 1 83 7227 25
0 1 83 7227 25
0 1 83 7227 531
0 1 83 5083 1996
0 1 83 5083 2087
0 1 83 5083 540
0 1 83 5083 1996
0 1 83 5186 2114
0 1 83 5186 663
0 1 83 3177 1808
0 1 83 3177 233
0 1 83 3177 321
0 1 83 3177 271
0 1 83 3177 223
0 1 83 3177 1808
0 1 83 3177 2166
0 1 83 3177 322
0 1 83 3177 531
0 1 83 3177 2238
0 1 83 3177 528
0 1 83 3177 2397
0 1 1873 1410 2065
0 1 1873 1410 2328
0 1 1873 1410 2065
0 1 85 2459 2781
0 1 1875 7276 2938
0 1 1875 7276 1900
0 1 1875 7276 2980
0 1 87 4532 2071
0 1 1877 960 2924
0 1 1877 583 2039
0 1 1877 583 2210
0 1 1877 583 2039
0 1 1877 4518 1904
0 1 1877 4518 108
0 1 1877 4518 108
0 1 1877 7250 1816
0 1 1877 7250 2210
0 1 1877 7250 1816
0 1 1878 100 1871
0 1 1878 3795 1871
0 1 1878 9082 1871
0 1 1879 3153 2013
0 1 1879 3153 2039
0 1 1879 3153 2013
0 1 1879 3153 2039
0 1 1879 2906 2013
0 1 1879 2906 2939
0 1 1879 2906 2013
0 1 1879 9754 2925
0 1 1879 7100 17
0 1 1879 7100 2039
0 1 1879 7100 17
0 1 1879 7100 2039
0 1 1879 10037 2921
0 1 1881 3643 2133
0 1 89 3945 2421
0 1 89 6518 233
0 1 89 6518 2138
0 1 89 6518 789
0 1 89 6518 2175
0 1 89 6518 2364
0 1 89 6518 2421
0 1 90 6051 2988
0 1 90 335 1855
0 1 90 335 186
0 1 90 1458 60
0 1 90 1458 60
0 1 90 4317 2988
0 1 90 8006 60
0 1 90 8006 60
0 1 90 8006 552
0 1 1883 7474 2036
0 1 1883 7474 2036
0 1 1884 2887 1865
0 1 1884 1435 1813
0 1 1884 1435 1824
0 1 1884 9604 18
0 1 1884 9604 1813
0 1 1884 9604 2979
0 1 1884 9604 18
0 1 1884 1166 1865
0 1 1884 10013 1813
0 1 1885 7276 2938
0 1 1885 7276 1900
0 1 1885 7276 2980
0 1 92 4266 2939
0 1 92 4266 2040
0 1 92 4266 3008
0 1 92 4266 2040
0 1 92 5908 2255
0 1 92 5908 2391
0 1 92 7528 2946
0 1 92 7528 2146
0 1 92 8778 2920
0 1 92 8778 108
0 1 92 8778 1816
0 1 92 8778 2063
0 1 92 8778 108
0 1 92 8778 1816
0 1 92 8778 2063
0 1 93 8688 14
0 1 93 8688 14
0 1 1886 622 2920
0 1 1886 622 103
0 1 1886 622 103
0 1 1886 622 2210
0 1 94 7123 2918
0 1 94 7123 2082
0 1 94 7123 2238
0 1 95 5634 322
0 1 95 7503 2016
0 1 95 7503 2016
0 1 95 6240 2011
0 1 95 6240 2011
0 1 95 2347 1848
0 1 95 5960 2040
0 1 95 5960 2040
0 1 96 7172 1808
0 1 96 7172 115
0 1 96 7172 1808
0 1 96 7172 115
0 1 96 5083 83
0 1 96 5083 1996
0 1 96 5083 2087
0 1 96 5083 83
0 1 96 5083 540
0 1 96 5083 1996
0 1 1887 1437 1865
0 1 1888 9345 2702
0 1 1889 7503 2016
0 1 1889 7503 2016
0 1 99 5512 154
0 1 99 2393 276
0 1 99 2393 994
0 1 1892 5028 2013
0 1 1892 5028 1810
0 1 1892 5028 1817
0 1 1892 5028 2013
0 1 100 9218 1062
0 1 100 9218 2792
0 1 100 2816 2581
0 1 100 1207 1846
0 1 1894 7276 2938
0 1 1894 7276 1900
0 1 1894 7276 2980
0 1 1894 6246 1900
0 1 1895 6246 1900
0 1 1895 7276 2938
0 1 1895 7276 1900
0 1 1895 7276 2980
0 1 1895 4905 1900
0 1 1895 7670 1900
0 1 1896 5803 126
0 1 1896 5803 1816
0 1 1896 5803 2039
0 1 1896 5803 126
0 1 1896 5803 1816
0 1 1896 5803 2039
0 1 1896 350 2933
0 1 1896 350 126
0 1 1896 350 126
0 1 1896 350 2210
0 1 1896 5434 1904
0 1 1896 5434 108
0 1 1896 5434 1816
0 1 1896 5434 108
0 1 1896 5434 1816
0 1 101 6838 2041
0 1 101 6838 16
0 1 101 6838 2041
0 1 101 6838 16
0 1 103 3257 108
0 1 103 3257 1812
0 1 103 3257 108
0 1 103 9406 2019
0 1 103 9406 108
0 1 103 9406 2939
0 1 103 9406 2146
0 1 103 9406 2592
0 1 103 9406 2019
0 1 103 9406 108
0 1 103 9406 2282
0 1 103 9406 2411
0 1 103 622 2920
0 1 103 622 2210
0 1 103 1792 2019
0 1 103 1792 2019
0 1 103 634 2924
0 1 103 634 2939
0 1 103 634 2041
0 1 103 634 1818
0 1 103 634 2152
0 1 103 634 2041
0 1 103 4635 2146
0 1 105 1831 1156
0 1 106 6419 2925
0 1 106 1325 2930
0 1 106 1325 1479
0 1 106 415 2013
0 1 106 415 2016
0 1 106 415 1939
0 1 106 415 2013
0 1 106 415 2016
0 1 106 415 2404
0 1 106 1775 1852
0 1 106 1775 2921
0 1 106 1775 1852
0 1 107 2070 2000
0 1 107 2070 2006
0 1 107 2070 2071
0 1 107 2070 2000
0 1 107 2070 2006
0 1 107 2070 2166
0 1 107 2070 528
0 1 107 2225 14
0 1 107 2225 25
0 1 107 2225 1996
0 1 107 2225 14
0 1 107 2225 326
0 1 107 2225 2151
0 1 107 2225 25
0 1 107 2225 531
0 1 107 2225 464
0 1 107 2225 299
0 1 107 2225 1996
0 1 1898 5589 2559
0 1 108 9406 2019
0 1 108 9406 2939
0 1 108 9406 2146
0 1 108 9406 2592
0 1 108 9406 2019
0 1 108 9406 2282
0 1 108 9406 2411
0 1 108 5562 2019
0 1 108 5562 1819
0 1 108 5562 2592
0 1 108 5562 2019
0 1 108 3503 2924
0 1 108 3503 2019
0 1 108 3503 1819
0 1 108 3503 2930
0 1 108 3503 1816
0 1 108 3503 2019
0 1 108 3503 2210
0 1 108 3503 1816
0 1 108 5449 2013
0 1 108 5449 1816
0 1 108 5449 2039
0 1 108 5449 2013
0 1 108 5449 1816
0 1 108 5449 2039
0 1 108 9865 2016
0 1 108 9865 2040
0 1 108 9865 1848
0 1 108 9865 2016
0 1 108 9865 2210
0 1 108 9865 2040
0 1 108 4518 1904
0 1 108 8905 1904
0 1 108 8905 2053
0 1 108 8905 2983
0 1 108 8905 2053
0 1 108 8778 2920
0 1 108 8778 1816
0 1 108 8778 2063
0 1 108 8778 1816
0 1 108 8778 2063
0 1 108 582 2920
0 1 108 582 2924
0 1 108 582 2983
0 1 108 7365 2920
0 1 108 7365 2924
0 1 108 7365 1819
0 1 108 7365 2047
0 1 108 7365 2559
0 1 108 7365 2146
0 1 108 7365 2210
0 1 108 7365 2047
0 1 108 7570 2960
0 1 1900 7276 2938
0 1 1900 7276 2980
0 1 1904 8655 2013
0 1 1904 8655 4
0 1 1904 8655 1816
0 1 1904 8655 2973
0 1 1904 8655 2013
0 1 1904 8655 4
0 1 1904 8655 1816
0 1 1904 7228 319
0 1 1904 3625 1816
0 1 1904 3625 1816
0 1 1904 6255 2021
0 1 1904 6255 2021
0 1 1904 1792 2019
0 1 1904 1792 2019
0 1 1904 8905 108
0 1 1904 8905 2053
0 1 1904 8905 2983
0 1 1904 8905 108
0 1 1904 8905 2053
0 1 1904 8339 2924
0 1 1904 8339 2256
0 1 1904 5434 108
0 1 1904 5434 1816
0 1 1904 5434 108
0 1 1904 5434 1816
0 1 1904 5648 2019
0 1 1904 5648 1812
0 1 1904 5648 3017
0 1 1904 5648 2019
0 1 1904 7147 2924
0 1 1904 7147 2930
0 1 1904 4518 108
0 1 1904 4518 108
0 1 1904 6175 2924
0 1 1904 6175 4
0 1 1904 6175 1816
0 1 1904 6175 2953
0 1 1904 6175 1818
0 1 1904 6175 2592
0 1 1904 6175 4
0 1 1904 6175 1816
0 1 1904 6438 1816
0 1 1904 6438 1816
0 1 1906 3503 2924
0 1 1906 3503 2019
0 1 1906 3503 1819
0 1 1906 3503 2930
0 1 1906 3503 108
0 1 1906 3503 1816
0 1 1906 3503 2019
0 1 1906 3503 108
0 1 1906 3503 2210
0 1 1906 3503 1816
0 1 1906 8655 2013
0 1 1906 8655 4
0 1 1906 8655 1816
0 1 1906 8655 2973
0 1 1906 8655 2013
0 1 1906 8655 4
0 1 1906 8655 1816
0 1 1906 964 4
0 1 1906 964 1816
0 1 1906 964 4
0 1 1906 964 1816
0 1 1906 2539 2592
0 1 1906 1635 2939
0 1 1907 9865 2016
0 1 1907 9865 2040
0 1 1907 9865 1848
0 1 1907 9865 2016
0 1 1907 9865 2210
0 1 1907 9865 2040
0 1 1907 4266 2939
0 1 1907 4266 2040
0 1 1907 4266 3008
0 1 1907 4266 2040
0 1 1907 7528 2946
0 1 1907 7528 2146
0 1 111 4306 2969
0 1 111 1342 252
0 1 111 1342 2245
0 1 111 1342 742
0 1 1909 4998 2956
0 1 1910 4509 717
0 1 115 7172 1808
0 1 115 7172 1808
0 1 115 5344 25
0 1 115 5344 2033
0 1 115 5344 2057
0 1 115 5344 71
0 1 115 5344 252
0 1 115 5344 330
0 1 115 5344 321
0 1 115 5344 223
0 1 115 5344 843
0 1 115 5344 2166
0 1 115 5344 25
0 1 115 5344 531
0 1 115 5344 2033
0 1 115 5344 528
0 1 115 5344 2057
0 1 115 5344 71
0 1 115 6249 840
0 1 115 6249 2391
0 1 104 7087 2037
0 1 104 7087 2037
0 1 104 9224 386
0 1 104 3455 2037
0 1 104 3455 386
0 1 104 3455 2037
0 1 117 5679 2152
0 1 117 3466 1904
0 1 117 310 2018
0 1 117 310 2018
0 1 117 310 2826
0 1 117 1037 1816
0 1 117 1037 1816
0 1 1914 5722 2013
0 1 1914 5722 1816
0 1 1914 5722 2013
0 1 1914 5722 2146
0 1 1914 5722 1816
0 1 1914 9678 2039
0 1 1914 9678 2053
0 1 1914 9678 2039
0 1 1914 9678 2053
0 1 1914 5935 126
0 1 1914 5935 126
0 1 1914 7328 2930
0 1 1914 6875 4
0 1 1914 6875 4
0 1 1914 2408 2924
0 1 1914 2408 2146
0 1 1914 9301 2017
0 1 1914 9301 2019
0 1 1914 9301 2017
0 1 1914 9301 2019
0 1 1917 5332 2939
0 1 1917 5332 2146
0 1 1917 8905 1904
0 1 1917 8905 108
0 1 1917 8905 2053
0 1 1917 8905 2983
0 1 1917 8905 108
0 1 1917 8905 2053
0 1 1917 2408 2924
0 1 1917 2408 2146
0 1 1917 2247 2920
0 1 1917 2247 108
0 1 1917 2247 2146
0 1 1917 2247 2592
0 1 1917 2247 108
0 1 1917 144 1819
0 1 1917 144 2592
0 1 1917 6762 103
0 1 1917 6762 2019
0 1 1917 6762 1812
0 1 1917 6762 103
0 1 1917 6762 2019
0 1 1921 1775 1852
0 1 1921 1775 2921
0 1 1921 1775 1852
0 1 1921 5028 2013
0 1 1921 5028 1810
0 1 1921 5028 1817
0 1 1921 5028 2013
0 1 1921 5561 2053
0 1 1921 5561 2053
0 1 1924 7716 2938
0 1 1925 7276 2938
0 1 1925 7276 1900
0 1 1925 7276 2980
0 1 1926 7276 2938
0 1 1926 7276 1900
0 1 1926 7276 2980
0 1 1929 4271 17
0 1 1929 4271 2932
0 1 1929 4271 17
0 1 125 344 2738
0 1 126 350 2933
0 1 126 350 2210
0 1 126 2001 1812
0 1 126 2001 2210
0 1 126 5434 1904
0 1 126 5434 108
0 1 126 5434 1816
0 1 126 5434 108
0 1 126 5434 1816
0 1 126 8131 2592
0 1 126 5562 2019
0 1 126 5562 1819
0 1 126 5562 108
0 1 126 5562 2592
0 1 126 5562 2019
0 1 126 5562 108
0 1 126 8496 1812
0 1 126 5449 2013
0 1 126 5449 108
0 1 126 5449 1816
0 1 126 5449 2039
0 1 126 5449 2013
0 1 126 5449 108
0 1 126 5449 1816
0 1 126 5449 2039
0 1 126 1141 1819
0 1 126 1141 108
0 1 126 1141 108
0 1 128 629 2770
0 1 128 9165 2690
0 1 1931 9966 2934
0 1 1934 7782 2019
0 1 1934 7782 1904
0 1 1934 7782 1816
0 1 1934 7782 2019
0 1 1934 7782 1816
0 1 1935 9966 2934
0 1 133 6676 2849
0 1 133 6166 2626
0 1 1936 7276 2938
0 1 1936 7276 1900
0 1 1936 7276 2980
0 1 1939 3740 223
0 1 1939 5634 322
0 1 1939 8196 2343
0 1 1939 5972 2040
0 1 1939 5972 2040
0 1 1941 557 2187
0 1 1942 1618 3006
0 1 1947 5058 2011
0 1 1947 5058 1848
0 1 1947 5058 2011
0 1 1953 8934 1279
0 1 1953 9538 1279
0 1 1956 399 1812
0 1 1962 5428 17
0 1 1962 5428 17
0 1 140 3177 1808
0 1 140 3177 83
0 1 140 3177 233
0 1 140 3177 321
0 1 140 3177 271
0 1 140 3177 223
0 1 140 3177 1808
0 1 140 3177 2166
0 1 140 3177 322
0 1 140 3177 531
0 1 140 3177 2238
0 1 140 3177 528
0 1 140 3177 83
0 1 140 3177 2397
0 1 140 1507 12
0 1 140 1507 80
0 1 140 1507 12
0 1 140 1507 2245
0 1 140 1507 663
0 1 140 1507 299
0 1 140 1412 2343
0 1 143 4705 2586
0 1 144 5344 25
0 1 144 5344 2033
0 1 144 5344 2057
0 1 144 5344 71
0 1 144 5344 252
0 1 144 5344 330
0 1 144 5344 321
0 1 144 5344 223
0 1 144 5344 843
0 1 144 5344 2166
0 1 144 5344 25
0 1 144 5344 531
0 1 144 5344 2033
0 1 144 5344 528
0 1 144 5344 2057
0 1 144 5344 71
0 1 144 8258 2104
0 1 144 8258 478
0 1 144 8258 741
0 1 144 7058 12
0 1 144 7058 12
0 1 144 7058 2707
0 1 146 9612 2045
0 1 146 9612 2045
0 1 146 1239 1316
0 1 147 9610 2670
0 1 147 1104 270
0 1 149 4875 2013
0 1 149 4875 2013
0 1 149 8132 2921
0 1 149 3459 2975
0 1 149 6770 2975
0 1 149 9099 2975
0 1 149 9099 2210
0 1 149 2736 2975
0 1 150 7572 2450
0 1 305 2084 363
0 1 1704 2125 1995
0 1 1704 2125 1995
0 1 552 6486 1007
0 1 552 6486 663
0 1 552 1458 60
0 1 552 1458 60
0 1 552 8006 60
0 1 552 8006 60
0 1 552 650 2002
0 1 552 650 2002
0 1 139 5883 2571
0 1 139 7128 789
0 1 139 7128 2646
0 1 139 7128 531
0 1 139 7128 2670
0 1 139 7128 2247
0 1 218 4558 12
0 1 218 4558 2027
0 1 218 4558 12
0 1 218 4558 2027
0 1 1531 4111 2669
0 1 1062 9218 100
0 1 1062 9218 100
0 1 1062 9218 2792
0 1 1062 2808 2783
0 1 1062 2808 2790
0 1 1062 10014 2531
0 1 1062 9188 2791
0 1 1546 8506 2511
0 1 478 2107 2747
0 1 624 9452 2071
0 1 624 9452 2238
0 1 624 2070 2000
0 1 624 2070 2006
0 1 624 2070 2071
0 1 624 2070 2000
0 1 624 2070 2006
0 1 624 2070 2166
0 1 624 2070 528
0 1 624 5712 2071
0 1 624 5712 2576
0 1 624 5712 2707
0 1 624 2643 25
0 1 624 2643 2071
0 1 624 2643 25
0 1 624 2643 2238
0 1 624 1711 2071
0 1 624 8773 2195
0 1 624 3177 1808
0 1 624 3177 83
0 1 624 3177 233
0 1 624 3177 321
0 1 624 3177 271
0 1 624 3177 223
0 1 624 3177 1808
0 1 624 3177 2166
0 1 624 3177 322
0 1 624 3177 531
0 1 624 3177 2238
0 1 624 3177 528
0 1 624 3177 83
0 1 624 3177 2397
0 1 1710 5956 2667
0 1 1479 1325 2930
0 1 1479 3434 4
0 1 1479 3434 2041
0 1 1479 3434 4
0 1 1479 3434 2041
0 1 1479 4685 1816
0 1 1479 4685 2592
0 1 1479 4685 1816
0 1 1078 811 2189
0 1 1713 8107 1995
0 1 1713 8107 1995
0 1 934 454 2200
0 1 934 454 2273
0 1 934 990 2798
0 1 841 1809 1027
0 1 154 505 7
0 1 154 505 271
0 1 154 505 7
0 1 154 7830 2493
0 1 1063 8980 1134
0 1 1063 9262 2685
0 1 1063 9262 2322
0 1 1063 448 1137
0 1 1063 7566 2779
0 1 1718 9995 2481
0 1 531 2515 271
0 1 1092 5004 2971
0 1 1020 1693 2499
0 1 1728 3607 2452
0 1 1731 2757 54
0 1 1731 2757 2597
0 1 1731 2757 54
0 1 1731 4445 2573
0 1 1173 4131 1994
0 1 1173 4131 1994
0 1 1173 2018 1076
0 1 1173 2018 2747
0 1 1173 4464 2027
0 1 1173 4464 2104
0 1 1173 4464 2027
0 1 1173 4464 2244
0 1 1173 6026 196
0 1 1173 6026 2165
0 1 1173 9757 2553
0 1 1173 9757 2747
0 1 1173 7157 2099
0 1 1173 5819 2499
0 1 1736 4430 2118
0 1 171 2812 2969
0 1 1046 4111 2669
0 1 260 7500 2175
0 1 1745 3381 1063
0 1 223 4887 2033
0 1 223 4887 344
0 1 223 4887 322
0 1 223 4887 531
0 1 223 4887 2033
0 1 223 4887 528
0 1 1024 9423 12
0 1 1024 9423 2424
0 1 1024 9423 12
0 1 1024 9454 2520
0 1 992 6483 252
0 1 12 9423 2424
0 1 12 3110 2707
0 1 12 7058 2707
0 1 12 1507 80
0 1 12 1507 2245
0 1 12 1507 663
0 1 12 1507 299
0 1 12 7778 320
0 1 495 4415 2248
0 1 1764 1995 1999
0 1 1764 1995 1999
0 1 70 1061 2037
0 1 70 1061 2037
0 1 70 4514 2917
0 1 70 4514 2946
0 1 70 4514 2951
0 1 213 1983 196
0 1 20 1467 2885
0 1 20 5930 1259
0 1 1034 9593 2272
0 1 1776 7609 2877
0 1 190 6180 2616
0 1 1012 2047 1063
0 1 1013 3005 201
0 1 1017 5413 2576
0 1 1017 7207 1738
0 1 1019 8395 2483
0 1 1019 4950 2585
0 1 1021 4768 2445
0 1 1021 4275 2167
0 1 1023 8061 2971
0 1 1026 1621 1063
0 1 1026 9041 2732
0 1 157 2568 1867
0 1 1029 3224 2747
0 1 1031 9465 1339
0 1 158 9482 2104
0 1 1032 8202 1022
0 1 1032 5630 2096
0 1 1033 2626 1137
0 1 159 5212 2142
0 1 159 6441 2582
0 1 1035 180 1601
0 1 1038 9774 2663
0 1 1039 3816 1052
0 1 1039 7215 2709
0 1 1039 7215 2871
0 1 160 3060 367
0 1 160 5174 367
0 1 163 13 2136
0 1 1043 7226 3017
0 1 1045 3539 2507
0 1 1 1626 2624
0 1 1 8862 1263
0 1 1 6059 2524
0 1 165 6557 314
0 1 1049 7859 2527
0 1 1049 3571 314
0 1 1049 2558 2673
0 1 1051 7450 2442
0 1 1051 7450 2899
0 1 167 2469 2472
0 1 167 7058 12
0 1 167 7058 12
0 1 167 7058 2707
0 1 1053 4249 2448
0 1 168 623 2453
0 1 1055 9031 2679
0 1 172 6385 2166
0 1 1065 6071 2489
0 1 1065 6071 2321
0 1 1066 5342 2760
0 1 1068 2018 1076
0 1 1068 2018 2747
0 1 1070 4610 2603
0 1 174 6107 2717
0 1 175 5362 2111
0 1 1071 6078 1357
0 1 176 6129 994
0 1 176 1860 271
0 1 1073 8245 2553
0 1 177 1345 2216
0 1 1075 5189 2458
0 1 1076 2018 2747
0 1 179 7640 2072
0 1 179 7640 2747
0 1 179 9731 840
0 1 179 9731 2231
0 1 179 9731 663
0 1 179 9104 2542
0 1 179 6500 2161
0 1 179 1077 2117
0 1 179 1077 2545
0 1 179 1077 254
0 1 180 807 2072
0 1 180 1183 2006
0 1 180 1183 196
0 1 180 1183 2006
0 1 180 1183 2153
0 1 180 1183 2247
0 1 180 1183 2747
0 1 180 1183 540
0 1 180 1183 2391
0 1 1082 7859 2527
0 1 1082 6054 2579
0 1 1082 8626 2495
0 1 1082 23 2468
0 1 1082 624 2495
0 1 1082 624 2550
0 1 1083 5116 2588
0 1 1084 4610 2603
0 1 1085 2671 2057
0 1 1085 2671 2057
0 1 1086 1746 1809
0 1 181 8562 2032
0 1 181 8562 2032
0 1 1087 5938 2555
0 1 1089 7422 2638
0 1 182 1946 2869
0 1 1097 8481 2608
0 1 1097 8481 2609
0 1 186 5804 665
0 1 186 5804 264
0 1 186 8167 2268
0 1 186 8167 2299
0 1 187 2821 2543
0 1 3 2179 70
0 1 3 2179 70
0 1 4 4594 103
0 1 4 4594 1816
0 1 4 4594 2950
0 1 4 4594 103
0 1 4 4594 1816
0 1 4 3434 2041
0 1 4 3434 2041
0 1 4 1204 2013
0 1 4 1204 2973
0 1 4 1204 2051
0 1 4 1204 2013
0 1 4 1204 2210
0 1 4 1204 2051
0 1 4 1204 2328
0 1 4 964 1816
0 1 4 964 1816
0 1 4 1650 2013
0 1 4 1650 2924
0 1 4 1650 2930
0 1 4 1650 2013
0 1 4 9406 2019
0 1 4 9406 108
0 1 4 9406 2939
0 1 4 9406 2146
0 1 4 9406 2592
0 1 4 9406 2019
0 1 4 9406 108
0 1 4 9406 2282
0 1 4 9406 2411
0 1 4 2486 2950
0 1 4 2486 2826
0 1 188 5953 2254
0 1 1103 5446 276
0 1 1106 9995 2481
0 1 1107 4321 2572
0 1 1108 1602 1042
0 1 1108 4908 1042
0 1 1108 3635 1042
0 1 1108 5885 1042
0 1 1108 6459 1042
0 1 1109 4908 1042
0 1 1109 2952 1042
0 1 1109 1602 1042
0 1 1109 6737 1042
0 1 1109 9493 1042
0 1 1109 6189 1042
0 1 1110 5972 2040
0 1 1110 5972 2040
0 1 1110 3336 2848
0 1 1110 1824 2848
0 1 1110 8108 2586
0 1 1111 9488 2542
0 1 1111 9488 2623
0 1 1112 9423 12
0 1 1112 9423 2424
0 1 1112 9423 12
0 1 1114 2316 2677
0 1 196 3583 1994
0 1 196 3583 1994
0 1 196 3583 789
0 1 1119 2545 2574
0 1 1121 6410 2876
0 1 1122 3215 2603
0 1 1124 3943 2874
0 1 1125 3 1063
0 1 202 2482 2142
0 1 1129 9446 2633
0 1 205 5583 2117
0 1 1130 9591 2452
0 1 206 6969 1259
0 1 211 204 1027
0 1 1133 2642 2884
0 1 212 3152 2087
0 1 212 3152 2088
0 1 212 2136 147
0 1 212 2136 147
0 1 1136 8797 2582
0 1 1137 2626 1033
0 1 1138 4111 2669
0 1 1139 5968 1134
0 1 1140 496 2719
0 1 1144 9527 2871
0 1 1146 3481 1076
0 1 1146 3721 2580
0 1 1146 3721 2732
0 1 216 759 2100
0 1 216 1467 2885
0 1 217 4617 2215
0 1 6 9735 2034
0 1 6 9735 2973
0 1 6 9735 2152
0 1 6 9735 2034
0 1 6 4594 103
0 1 6 4594 4
0 1 6 4594 1816
0 1 6 4594 2950
0 1 6 4594 103
0 1 6 4594 4
0 1 6 4594 1816
0 1 6 6328 2024
0 1 6 6328 2024
0 1 6 6541 2930
0 1 6 6541 2152
0 1 6 148 4
0 1 6 148 4
0 1 6 2943 2820
0 1 6 4875 2013
0 1 6 4875 2013
0 1 6 3459 2975
0 1 6 9099 2975
0 1 6 9099 2210
0 1 221 3863 2472
0 1 1149 834 2268
0 1 1149 2431 1279
0 1 224 6051 2988
0 1 226 7346 2072
0 1 7 505 154
0 1 7 505 271
0 1 1154 2788 2519
0 1 1157 2797 2511
0 1 1159 3486 2683
0 1 1161 7691 2007
0 1 1161 7691 2007
0 1 1162 619 2572
0 1 233 3177 1808
0 1 233 3177 83
0 1 233 3177 321
0 1 233 3177 271
0 1 233 3177 223
0 1 233 3177 1808
0 1 233 3177 2166
0 1 233 3177 322
0 1 233 3177 531
0 1 233 3177 2238
0 1 233 3177 528
0 1 233 3177 83
0 1 233 3177 2397
0 1 233 8948 789
0 1 233 8948 2175
0 1 233 8948 2364
0 1 233 5081 789
0 1 233 6670 14
0 1 233 6670 25
0 1 233 6670 14
0 1 233 6670 344
0 1 233 6670 326
0 1 233 6670 789
0 1 233 6670 840
0 1 233 6670 843
0 1 233 6670 25
0 1 233 6518 89
0 1 233 6518 89
0 1 233 6518 2138
0 1 233 6518 789
0 1 233 6518 2175
0 1 233 6518 2364
0 1 233 6518 2421
0 1 233 9024 2175
0 1 233 2573 154
0 1 233 2573 2170
0 1 1163 3292 2681
0 1 8 1821 2432
0 1 8 9312 25
0 1 8 9312 326
0 1 8 9312 25
0 1 9 4767 2707
0 1 9 5588 110
0 1 9 5588 110
0 1 9 5220 2020
0 1 9 5220 2020
0 1 10 5039 2299
0 1 10 9763 2381
0 1 10 536 264
0 1 11 9865 2016
0 1 11 9865 2040
0 1 11 9865 1848
0 1 11 9865 2016
0 1 11 9865 2210
0 1 11 9865 2040
0 1 11 955 2033
0 1 11 955 2033
0 1 11 6888 2011
0 1 11 6888 2011
0 1 11 5908 2255
0 1 11 5908 2391
0 1 11 5960 2040
0 1 11 5960 2040
0 1 239 3451 2016
0 1 239 3451 1848
0 1 239 3451 2016
0 1 1169 647 2122
0 1 1170 4883 2502
0 1 1172 2669 2739
0 1 1176 4561 2539
0 1 13 6331 1960
0 1 242 7282 885
0 1 243 4464 2027
0 1 243 4464 2104
0 1 243 4464 2027
0 1 243 4464 2244
0 1 243 5150 2117
0 1 243 5150 276
0 1 1178 3056 2122
0 1 1178 3816 1052
0 1 244 4986 2072
0 1 244 5631 252
0 1 244 8463 2082
0 1 244 8463 840
0 1 245 6901 2069
0 1 245 6901 2069
0 1 14 3177 1808
0 1 14 3177 83
0 1 14 3177 233
0 1 14 3177 321
0 1 14 3177 271
0 1 14 3177 223
0 1 14 3177 1808
0 1 14 3177 2166
0 1 14 3177 322
0 1 14 3177 531
0 1 14 3177 2238
0 1 14 3177 528
0 1 14 3177 83
0 1 14 3177 2397
0 1 1180 199 2673
0 1 246 5551 71
0 1 246 5551 2112
0 1 246 5551 71
0 1 246 4211 2104
0 1 246 4211 531
0 1 246 4211 2292
0 1 246 2038 1002
0 1 246 3526 2112
0 1 246 535 2907
0 1 1183 7245 1674
0 1 1184 2107 2747
0 1 1185 8231 2566
0 1 252 559 2148
0 1 252 559 2166
0 1 252 559 2247
0 1 252 9144 2931
0 1 252 9144 16
0 1 252 9144 843
0 1 252 9144 16
0 1 252 2507 101
0 1 252 2507 1848
0 1 252 2507 101
0 1 252 2507 297
0 1 252 9731 840
0 1 252 9731 2231
0 1 252 9731 663
0 1 252 5046 452
0 1 16 7360 2000
0 1 16 7360 2000
0 1 16 7360 540
0 1 16 7227 25
0 1 16 7227 83
0 1 16 7227 25
0 1 16 7227 531
0 1 16 7227 83
0 1 16 2730 25
0 1 16 2730 2971
0 1 16 2730 25
0 1 16 9144 2931
0 1 16 9144 252
0 1 16 9144 843
0 1 16 3085 2011
0 1 16 3085 2011
0 1 16 2582 1992
0 1 16 2582 2000
0 1 16 2582 101
0 1 16 2582 25
0 1 16 2582 3002
0 1 16 2582 147
0 1 16 2582 1992
0 1 16 2582 2000
0 1 16 2582 2104
0 1 16 2582 101
0 1 16 2582 25
0 1 16 2582 147
0 1 16 955 2033
0 1 16 955 2033
0 1 17 7100 2039
0 1 17 7100 2039
0 1 17 4271 2932
0 1 17 1058 2029
0 1 17 1058 2029
0 1 17 1058 528
0 1 1187 470 2870
0 1 18 346 2947
0 1 18 346 2979
0 1 18 5482 1821
0 1 18 5482 2947
0 1 18 5482 2979
0 1 18 422 1809
0 1 18 422 1821
0 1 18 422 2947
0 1 18 677 1821
0 1 18 677 2947
0 1 18 677 2979
0 1 18 9049 1809
0 1 18 213 1821
0 1 18 213 2947
0 1 18 213 2979
0 1 18 3780 1821
0 1 18 3780 2947
0 1 18 3780 2979
0 1 18 2681 1821
0 1 18 2681 2947
0 1 18 8051 1821
0 1 18 8051 2979
0 1 18 5745 1821
0 1 18 5745 2947
0 1 18 7034 2979
0 1 18 7403 2979
0 1 18 3787 1821
0 1 18 3787 2947
0 1 18 3787 2979
0 1 18 1794 1821
0 1 18 1794 2947
0 1 18 3559 1821
0 1 18 3559 2947
0 1 18 3559 2979
0 1 18 5867 1821
0 1 18 5867 2947
0 1 18 5867 2979
0 1 18 1588 1821
0 1 18 1588 2947
0 1 18 1588 2979
0 1 18 2510 1823
0 1 18 696 2979
0 1 18 8297 2947
0 1 18 5086 1821
0 1 18 5086 2947
0 1 18 6931 1809
0 1 18 6931 1821
0 1 18 6931 2947
0 1 18 6931 2979
0 1 18 6898 1821
0 1 18 6898 2947
0 1 18 6091 1821
0 1 18 6091 2947
0 1 18 9974 1809
0 1 18 2299 1821
0 1 18 2299 2947
0 1 18 2299 2979
0 1 18 9759 1824
0 1 18 7151 1821
0 1 18 3874 1821
0 1 18 3874 2947
0 1 18 3874 2979
0 1 18 4753 2947
0 1 18 4753 2979
0 1 254 6312 56
0 1 254 6312 2048
0 1 254 6312 56
0 1 254 6312 2048
0 1 256 9368 2002
0 1 256 9368 2002
0 1 256 9368 326
0 1 256 9368 2747
0 1 259 808 2215
0 1 259 1944 2151
0 1 261 3702 2539
0 1 1192 2901 2564
0 1 1192 9859 1779
0 1 19 5515 1994
0 1 19 5515 1994
0 1 19 9368 2002
0 1 19 9368 2002
0 1 19 9368 326
0 1 19 9368 256
0 1 19 9368 2747
0 1 19 3374 2006
0 1 19 3374 2057
0 1 19 3374 2006
0 1 19 3374 793
0 1 19 3374 452
0 1 19 3374 2057
0 1 19 4464 2027
0 1 19 4464 2104
0 1 19 4464 2027
0 1 19 4464 2244
0 1 19 4211 2104
0 1 19 4211 531
0 1 19 4211 2292
0 1 19 9757 2553
0 1 19 9757 2747
0 1 264 5804 665
0 1 264 195 2254
0 1 264 6865 665
0 1 265 7730 254
0 1 23 6576 2627
0 1 23 5678 2251
0 1 24 3238 2555
0 1 24 2038 1002
0 1 24 9478 1027
0 1 270 1104 147
0 1 270 1104 147
0 1 270 8321 2747
0 1 271 2515 531
0 1 271 1383 540
0 1 1208 4225 833
0 1 276 2393 99
0 1 276 2393 99
0 1 276 2393 994
0 1 1215 1421 2514
0 1 1216 8481 2608
0 1 1216 8481 2609
0 1 277 768 514
0 1 278 1574 2914
0 1 280 5824 80
0 1 280 2124 2589
0 1 1222 9380 2540
0 1 1222 489 2747
0 1 1222 489 2897
0 1 1222 8506 2511
0 1 1222 854 1179
0 1 1222 3224 2747
0 1 285 127 2123
0 1 1227 8092 1075
0 1 25 9145 56
0 1 25 9145 56
0 1 25 2959 35
0 1 25 2959 35
0 1 25 2643 2071
0 1 25 2643 2238
0 1 25 5344 2033
0 1 25 5344 2057
0 1 25 5344 71
0 1 25 5344 252
0 1 25 5344 330
0 1 25 5344 321
0 1 25 5344 223
0 1 25 5344 843
0 1 25 5344 2166
0 1 25 5344 531
0 1 25 5344 2033
0 1 25 5344 528
0 1 25 5344 2057
0 1 25 5344 71
0 1 25 9312 326
0 1 25 6356 737
0 1 292 2973 452
0 1 292 606 2343
0 1 292 8196 2343
0 1 26 5908 2255
0 1 26 5908 2391
0 1 26 7360 2000
0 1 26 7360 16
0 1 26 7360 2000
0 1 26 7360 540
0 1 26 7360 16
0 1 1231 5299 2538
0 1 1231 9134 2516
0 1 296 8155 2217
0 1 296 1684 1808
0 1 296 1684 1808
0 1 296 3746 1715
0 1 298 7971 2117
0 1 27 5495 2030
0 1 27 5495 2030
0 1 28 3843 2039
0 1 28 3843 2039
0 1 28 6419 2925
0 1 28 3073 17
0 1 28 3073 17
0 1 28 310 2018
0 1 28 310 2018
0 1 28 310 2826
0 1 28 3153 2013
0 1 28 3153 2039
0 1 28 3153 2013
0 1 28 3153 2039
0 1 28 5722 2013
0 1 28 5722 1914
0 1 28 5722 1816
0 1 28 5722 2013
0 1 28 5722 2146
0 1 28 5722 1816
0 1 28 10037 2921
0 1 28 1141 1819
0 1 28 1141 108
0 1 28 1141 126
0 1 28 1141 108
0 1 28 1141 126
0 1 28 5332 2939
0 1 28 5332 2146
0 1 29 8258 2104
0 1 29 8258 478
0 1 29 8258 741
0 1 299 5575 1255
0 1 299 6683 1995
0 1 299 6683 2029
0 1 299 6683 1995
0 1 299 6683 2029
0 1 299 1507 12
0 1 299 1507 80
0 1 299 1507 12
0 1 299 1507 2245
0 1 299 1507 663
0 1 299 6670 14
0 1 299 6670 25
0 1 299 6670 14
0 1 299 6670 233
0 1 299 6670 344
0 1 299 6670 326
0 1 299 6670 789
0 1 299 6670 840
0 1 299 6670 843
0 1 299 6670 25
0 1 299 3647 2004
0 1 299 3647 233
0 1 299 3647 2004
0 1 299 2225 14
0 1 299 2225 25
0 1 299 2225 1996
0 1 299 2225 14
0 1 299 2225 326
0 1 299 2225 2151
0 1 299 2225 25
0 1 299 2225 531
0 1 299 2225 464
0 1 299 2225 1996
0 1 1236 4074 2013
0 1 1236 4074 2983
0 1 1236 4074 2013
0 1 1236 4356 2177
0 1 1236 6860 2950
0 1 1236 6860 1818
0 1 1236 5434 1904
0 1 1236 5434 108
0 1 1236 5434 1816
0 1 1236 5434 108
0 1 1236 5434 1816
0 1 1236 3466 1904
0 1 1236 8131 2592
0 1 300 3867 1009
0 1 1240 5127 1339
0 1 1240 9765 2597
0 1 1240 3523 2372
0 1 1240 911 1339
0 1 31 8912 1961
0 1 31 8037 260
0 1 1245 7791 1189
0 1 33 3177 1808
0 1 33 3177 83
0 1 33 3177 233
0 1 33 3177 321
0 1 33 3177 271
0 1 33 3177 223
0 1 33 3177 1808
0 1 33 3177 2166
0 1 33 3177 322
0 1 33 3177 531
0 1 33 3177 2238
0 1 33 3177 528
0 1 33 3177 83
0 1 33 3177 2397
0 1 33 5909 452
0 1 33 6670 14
0 1 33 6670 25
0 1 33 6670 14
0 1 33 6670 233
0 1 33 6670 344
0 1 33 6670 326
0 1 33 6670 789
0 1 33 6670 840
0 1 33 6670 843
0 1 33 6670 25
0 1 33 955 2033
0 1 33 955 2033
0 1 33 4887 2033
0 1 33 4887 344
0 1 33 4887 223
0 1 33 4887 322
0 1 33 4887 531
0 1 33 4887 2033
0 1 33 4887 528
0 1 309 6144 2921
0 1 309 6419 2925
0 1 309 3949 2932
0 1 309 7365 2920
0 1 309 7365 2924
0 1 309 7365 1819
0 1 309 7365 108
0 1 309 7365 2047
0 1 309 7365 2559
0 1 309 7365 2146
0 1 309 7365 108
0 1 309 7365 2210
0 1 309 7365 2047
0 1 312 2408 2924
0 1 312 2408 2146
0 1 312 2324 2946
0 1 312 7528 2946
0 1 312 7528 2146
0 1 314 9309 2195
0 1 314 4726 2461
0 1 317 5953 2254
0 1 317 5039 10
0 1 317 5039 2299
0 1 317 1348 665
0 1 317 9351 1855
0 1 317 9351 2199
0 1 317 4374 327
0 1 319 5722 2013
0 1 319 5722 1914
0 1 319 5722 1816
0 1 319 5722 2013
0 1 319 5722 2146
0 1 319 5722 1816
0 1 321 3177 1808
0 1 321 3177 83
0 1 321 3177 233
0 1 321 3177 271
0 1 321 3177 223
0 1 321 3177 1808
0 1 321 3177 2166
0 1 321 3177 322
0 1 321 3177 531
0 1 321 3177 2238
0 1 321 3177 528
0 1 321 3177 83
0 1 321 3177 2397
0 1 321 5344 25
0 1 321 5344 2033
0 1 321 5344 2057
0 1 321 5344 71
0 1 321 5344 252
0 1 321 5344 330
0 1 321 5344 223
0 1 321 5344 843
0 1 321 5344 2166
0 1 321 5344 25
0 1 321 5344 531
0 1 321 5344 2033
0 1 321 5344 528
0 1 321 5344 2057
0 1 321 5344 71
0 1 321 7160 2028
0 1 321 7160 326
0 1 321 7160 2028
0 1 34 1631 191
0 1 34 2695 843
0 1 34 2695 464
0 1 34 5344 25
0 1 34 5344 2033
0 1 34 5344 2057
0 1 34 5344 71
0 1 34 5344 252
0 1 34 5344 330
0 1 34 5344 321
0 1 34 5344 223
0 1 34 5344 843
0 1 34 5344 2166
0 1 34 5344 25
0 1 34 5344 531
0 1 34 5344 2033
0 1 34 5344 528
0 1 34 5344 2057
0 1 34 5344 71
0 1 34 2297 2104
0 1 34 2297 740
0 1 34 8024 699
0 1 35 3462 2057
0 1 35 3462 2057
0 1 35 2684 1997
0 1 35 2684 99
0 1 35 2684 1997
0 1 35 2684 99
0 1 35 9368 2002
0 1 35 9368 2002
0 1 35 9368 326
0 1 35 9368 256
0 1 35 9368 2747
0 1 35 2959 25
0 1 35 2959 25
0 1 322 3177 1808
0 1 322 3177 83
0 1 322 3177 233
0 1 322 3177 321
0 1 322 3177 271
0 1 322 3177 223
0 1 322 3177 1808
0 1 322 3177 2166
0 1 322 3177 531
0 1 322 3177 2238
0 1 322 3177 528
0 1 322 3177 83
0 1 322 3177 2397
0 1 322 8857 60
0 1 322 8857 2988
0 1 322 8857 60
0 1 322 8857 2292
0 1 322 5663 2173
0 1 322 4887 2033
0 1 322 4887 344
0 1 322 4887 223
0 1 322 4887 531
0 1 322 4887 2033
0 1 322 4887 528
0 1 322 2679 540
0 1 37 5712 2071
0 1 37 5712 2576
0 1 37 5712 2707
0 1 1257 7812 2750
0 1 1257 1217 1636
0 1 1257 7484 2293
0 1 1257 1569 2293
0 1 1258 3595 2690
0 1 1258 585 2226
0 1 1259 6741 189
0 1 1259 9127 2148
0 1 1259 9127 2901
0 1 326 9322 322
0 1 326 8895 2057
0 1 326 8895 2057
0 1 326 6670 14
0 1 326 6670 25
0 1 326 6670 14
0 1 326 6670 233
0 1 326 6670 344
0 1 326 6670 789
0 1 326 6670 840
0 1 326 6670 843
0 1 326 6670 25
0 1 326 9312 25
0 1 326 9312 25
0 1 326 4887 2033
0 1 326 4887 344
0 1 326 4887 223
0 1 326 4887 322
0 1 326 4887 531
0 1 326 4887 2033
0 1 326 4887 528
0 1 326 2225 14
0 1 326 2225 25
0 1 326 2225 1996
0 1 326 2225 14
0 1 326 2225 2151
0 1 326 2225 25
0 1 326 2225 531
0 1 326 2225 464
0 1 326 2225 299
0 1 326 2225 1996
0 1 327 328 2141
0 1 330 7469 437
0 1 330 4362 437
0 1 330 2801 721
0 1 330 5344 25
0 1 330 5344 2033
0 1 330 5344 2057
0 1 330 5344 71
0 1 330 5344 252
0 1 330 5344 321
0 1 330 5344 223
0 1 330 5344 843
0 1 330 5344 2166
0 1 330 5344 25
0 1 330 5344 531
0 1 330 5344 2033
0 1 330 5344 528
0 1 330 5344 2057
0 1 330 5344 71
0 1 332 144 1819
0 1 332 144 2592
0 1 332 8905 1904
0 1 332 8905 108
0 1 332 8905 2053
0 1 332 8905 2983
0 1 332 8905 108
0 1 332 8905 2053
0 1 41 7365 2920
0 1 41 7365 2924
0 1 41 7365 1819
0 1 41 7365 108
0 1 41 7365 2047
0 1 41 7365 2559
0 1 41 7365 2146
0 1 41 7365 108
0 1 41 7365 2210
0 1 41 7365 2047
0 1 1269 4289 2488
0 1 1269 4289 2507
0 1 338 7134 358
0 1 338 9929 358
0 1 1279 5296 2410
0 1 341 5420 2875
0 1 344 2239 2343
0 1 344 6670 14
0 1 344 6670 25
0 1 344 6670 14
0 1 344 6670 233
0 1 344 6670 326
0 1 344 6670 789
0 1 344 6670 840
0 1 344 6670 843
0 1 344 6670 25
0 1 344 505 7
0 1 344 505 154
0 1 344 505 271
0 1 344 505 7
0 1 344 4887 2033
0 1 344 4887 223
0 1 344 4887 322
0 1 344 4887 531
0 1 344 4887 2033
0 1 344 4887 528
0 1 344 2070 2000
0 1 344 2070 2006
0 1 344 2070 2071
0 1 344 2070 2000
0 1 344 2070 2006
0 1 344 2070 2166
0 1 344 2070 528
0 1 344 377 699
0 1 1283 7237 2628
0 1 1283 7129 1577
0 1 1284 9600 1658
0 1 1284 8844 1285
0 1 1284 8844 2369
0 1 1285 6089 1659
0 1 1285 487 2357
0 1 1285 2800 2287
0 1 1285 8762 2222
0 1 1285 5584 2879
0 1 1285 9259 1284
0 1 1285 7569 1265
0 1 346 4330 2035
0 1 346 4330 2035
0 1 346 1053 865
0 1 1289 769 2505
0 1 1289 769 2687
0 1 352 84 335
0 1 1291 3477 2318
0 1 1291 7605 2183
0 1 354 2016 2291
0 1 360 3173 2637
0 1 360 8615 2637
0 1 360 8615 1390
0 1 360 8854 2637
0 1 363 8433 233
0 1 364 1325 2930
0 1 364 1325 1479
0 1 1296 893 2464
0 1 1296 893 2768
0 1 370 6684 2118
0 1 45 4335 2863
0 1 45 3282 2199
0 1 45 5804 665
0 1 45 5804 264
0 1 1300 8071 1134
0 1 374 557 2187
0 1 1301 2751 1591
0 1 1301 8243 1285
0 1 376 742 2275
0 1 377 9342 2418
0 1 377 5428 17
0 1 377 5428 17
0 1 377 2801 721
0 1 1302 1479 1316
0 1 1282 3115 1284
0 1 1282 9600 1658
0 1 1282 3612 1284
0 1 1303 9360 2062
0 1 1303 9360 2062
0 1 1303 2006 2634
0 1 386 5165 2037
0 1 386 5165 2037
0 1 386 5165 2398
0 1 386 4216 2398
0 1 386 3820 2398
0 1 386 5920 2037
0 1 386 5920 2037
0 1 386 3455 2037
0 1 386 3455 2037
0 1 386 3440 2398
0 1 1305 5630 2096
0 1 46 310 2018
0 1 46 310 2018
0 1 46 310 2826
0 1 46 7547 2932
0 1 46 960 2924
0 1 46 7100 17
0 1 46 7100 2039
0 1 46 7100 17
0 1 46 7100 2039
0 1 391 5551 71
0 1 391 5551 2112
0 1 391 5551 71
0 1 391 117 252
0 1 391 1183 2006
0 1 391 1183 196
0 1 391 1183 2006
0 1 391 1183 2153
0 1 391 1183 2247
0 1 391 1183 2747
0 1 391 1183 540
0 1 391 1183 2391
0 1 391 8476 540
0 1 391 5083 83
0 1 391 5083 1996
0 1 391 5083 2087
0 1 391 5083 83
0 1 391 5083 540
0 1 391 5083 1996
0 1 1308 1778 2851
0 1 47 6249 840
0 1 47 6249 2391
0 1 47 9322 322
0 1 47 3177 1808
0 1 47 3177 83
0 1 47 3177 233
0 1 47 3177 321
0 1 47 3177 271
0 1 47 3177 223
0 1 47 3177 1808
0 1 47 3177 2166
0 1 47 3177 322
0 1 47 3177 531
0 1 47 3177 2238
0 1 47 3177 528
0 1 47 3177 83
0 1 47 3177 2397
0 1 47 2225 14
0 1 47 2225 25
0 1 47 2225 1996
0 1 47 2225 14
0 1 47 2225 326
0 1 47 2225 2151
0 1 47 2225 25
0 1 47 2225 531
0 1 47 2225 464
0 1 47 2225 299
0 1 47 2225 1996
0 1 1313 2295 2950
0 1 1313 2295 2959
0 1 1313 2295 2592
0 1 1313 6860 2950
0 1 1313 6860 1818
0 1 1313 1204 2013
0 1 1313 1204 4
0 1 1313 1204 2973
0 1 1313 1204 2051
0 1 1313 1204 2013
0 1 1313 1204 4
0 1 1313 1204 2210
0 1 1313 1204 2051
0 1 1313 1204 2328
0 1 342 2008 2474
0 1 400 6541 2930
0 1 400 6541 2152
0 1 400 9678 1914
0 1 400 9678 2039
0 1 400 9678 2053
0 1 400 9678 2039
0 1 400 9678 2053
0 1 1315 1653 1279
0 1 49 4940 60
0 1 49 4940 60
0 1 49 8596 71
0 1 49 8596 71
0 1 49 8596 2863
0 1 49 6558 60
0 1 49 6558 60
0 1 49 8645 2988
0 1 49 8645 2546
0 1 49 8645 290
0 1 49 5311 60
0 1 49 5311 60
0 1 402 9693 2291
0 1 402 1836 2813
0 1 36 5588 110
0 1 36 5588 110
0 1 36 2148 2670
0 1 36 7172 1808
0 1 36 7172 115
0 1 36 7172 1808
0 1 36 7172 115
0 1 36 2134 1155
0 1 36 650 2002
0 1 36 650 2002
0 1 1318 7046 2607
0 1 1318 311 2007
0 1 1318 311 2007
0 1 404 9718 271
0 1 410 4636 2270
0 1 412 4211 2104
0 1 412 4211 531
0 1 412 4211 2292
0 1 412 2070 2000
0 1 412 2070 2006
0 1 412 2070 2071
0 1 412 2070 2000
0 1 412 2070 2006
0 1 412 2070 2166
0 1 412 2070 528
0 1 1320 7452 1019
0 1 413 8258 2104
0 1 413 8258 478
0 1 413 8258 741
0 1 413 6910 201
0 1 1321 7406 2855
0 1 414 9744 2253
0 1 415 3239 2158
0 1 416 1034 2099
0 1 416 1034 741
0 1 1323 1344 2142
0 1 424 8130 2970
0 1 1326 9754 2925
0 1 1326 4113 1812
0 1 1326 7067 2011
0 1 1326 7067 2011
0 1 1326 6419 2925
0 1 1330 6480 2831
0 1 1330 8086 1581
0 1 430 9793 1664
0 1 50 8667 2053
0 1 50 8667 2053
0 1 1335 9423 12
0 1 1335 9423 2424
0 1 1335 9423 12
0 1 272 9561 2286
0 1 1338 4265 2743
0 1 1341 1111 2738
0 1 1341 7013 2030
0 1 1341 7013 2030
0 1 441 9156 2873
0 1 1342 6677 2630
0 1 1343 3690 2599
0 1 1343 702 2455
0 1 445 2468 2643
0 1 446 17 2451
0 1 446 17 1242
0 1 448 9983 2098
0 1 448 9983 2845
0 1 1347 3798 2026
0 1 1347 3798 2026
0 1 1347 7964 2015
0 1 1347 7964 2015
0 1 1347 7964 2226
0 1 1347 7484 2293
0 1 1347 2014 2727
0 1 1348 8997 1390
0 1 452 3374 2006
0 1 452 3374 2057
0 1 452 3374 2006
0 1 452 3374 793
0 1 452 3374 2057
0 1 452 2412 980
0 1 452 5046 252
0 1 1352 10027 2169
0 1 1352 10027 2629
0 1 1353 4322 2102
0 1 1356 9545 2193
0 1 52 227 2988
0 1 52 2314 70
0 1 52 2314 70
0 1 52 8253 1992
0 1 52 8253 83
0 1 52 8253 1992
0 1 52 8253 83
0 1 53 10029 2798
0 1 54 2757 2597
0 1 1358 8753 2840
0 1 464 2695 843
0 1 55 9735 2034
0 1 55 9735 2973
0 1 55 9735 2152
0 1 55 9735 2034
0 1 1361 1979 2435
0 1 468 8227 2451
0 1 468 1076 1242
0 1 468 17 2451
0 1 468 17 1242
0 1 469 650 2002
0 1 469 650 2002
0 1 56 3177 1808
0 1 56 3177 83
0 1 56 3177 233
0 1 56 3177 321
0 1 56 3177 271
0 1 56 3177 223
0 1 56 3177 1808
0 1 56 3177 2166
0 1 56 3177 322
0 1 56 3177 531
0 1 56 3177 2238
0 1 56 3177 528
0 1 56 3177 83
0 1 56 3177 2397
0 1 56 6670 14
0 1 56 6670 25
0 1 56 6670 14
0 1 56 6670 233
0 1 56 6670 344
0 1 56 6670 326
0 1 56 6670 789
0 1 56 6670 840
0 1 56 6670 843
0 1 56 6670 25
0 1 56 2225 14
0 1 56 2225 25
0 1 56 2225 1996
0 1 56 2225 14
0 1 56 2225 326
0 1 56 2225 2151
0 1 56 2225 25
0 1 56 2225 531
0 1 56 2225 464
0 1 56 2225 299
0 1 56 2225 1996
0 1 56 6312 2048
0 1 56 6312 254
0 1 56 6312 2048
0 1 473 6087 439
0 1 474 5027 1316
0 1 1365 8955 2243
0 1 1365 9029 2849
0 1 57 960 2924
0 1 57 4518 1904
0 1 57 4518 108
0 1 57 4518 108
0 1 58 1684 1808
0 1 58 1684 1808
0 1 59 1984 1819
0 1 59 1984 1812
0 1 59 1984 2065
0 1 59 1984 2065
0 1 60 8645 2988
0 1 60 8645 2546
0 1 60 8645 290
0 1 60 8006 552
0 1 60 6051 2988
0 1 60 1972 290
0 1 60 8596 71
0 1 60 8596 71
0 1 60 8596 2863
0 1 60 335 1855
0 1 60 335 186
0 1 60 8857 2988
0 1 60 8857 322
0 1 60 8857 2292
0 1 1371 9188 1062
0 1 1371 9188 2791
0 1 1372 5697 2323
0 1 1373 6628 2010
0 1 1373 6628 2010
0 1 1375 5033 2561
0 1 487 6111 877
0 1 487 3882 877
0 1 487 5395 877
0 1 1376 4244 2470
0 1 61 4594 103
0 1 61 4594 4
0 1 61 4594 1816
0 1 61 4594 2950
0 1 61 4594 103
0 1 61 4594 4
0 1 61 4594 1816
0 1 61 2295 2950
0 1 61 2295 2959
0 1 61 2295 2592
0 1 61 9301 2017
0 1 61 9301 2019
0 1 61 9301 1914
0 1 61 9301 2017
0 1 61 9301 2019
0 1 61 7365 2920
0 1 61 7365 2924
0 1 61 7365 1819
0 1 61 7365 108
0 1 61 7365 2047
0 1 61 7365 2559
0 1 61 7365 2146
0 1 61 7365 108
0 1 61 7365 2210
0 1 61 7365 2047
0 1 61 8748 2011
0 1 61 8748 2924
0 1 61 8748 2011
0 1 61 4242 2019
0 1 61 4242 2019
0 1 61 4242 2826
0 1 61 7250 1816
0 1 61 7250 2210
0 1 61 7250 1816
0 1 489 8752 749
0 1 494 6169 2388
0 1 494 1299 2298
0 1 494 1299 2388
0 1 494 525 2388
0 1 494 8616 2388
0 1 62 2179 70
0 1 62 2179 70
0 1 62 5058 2011
0 1 62 5058 1848
0 1 62 5058 2011
0 1 63 1204 2013
0 1 63 1204 4
0 1 63 1204 2973
0 1 63 1204 2051
0 1 63 1204 2013
0 1 63 1204 4
0 1 63 1204 2210
0 1 63 1204 2051
0 1 63 1204 2328
0 1 63 7386 2056
0 1 63 7386 2056
0 1 499 4809 867
0 1 499 4809 2298
0 1 503 9731 840
0 1 503 9731 2231
0 1 503 9731 663
0 1 504 4464 2027
0 1 504 4464 2104
0 1 504 4464 2027
0 1 504 4464 2244
0 1 504 155 2027
0 1 504 155 2027
0 1 504 155 540
0 1 504 4558 12
0 1 504 4558 2027
0 1 504 4558 12
0 1 504 4558 2027
0 1 1380 847 2519
0 1 505 7549 2299
0 1 505 1998 1855
0 1 505 9997 1210
0 1 65 4594 103
0 1 65 4594 4
0 1 65 4594 1816
0 1 65 4594 2950
0 1 65 4594 103
0 1 65 4594 4
0 1 65 4594 1816
0 1 65 2579 1819
0 1 65 5722 2013
0 1 65 5722 1914
0 1 65 5722 1816
0 1 65 5722 2013
0 1 65 5722 2146
0 1 65 5722 1816
0 1 66 2725 835
0 1 1383 4994 2682
0 1 510 5041 722
0 1 511 3475 806
0 1 1384 4049 2585
0 1 1384 6301 2068
0 1 1384 6301 2068
0 1 1384 1899 452
0 1 1384 7855 1068
0 1 1384 9134 2516
0 1 67 9769 275
0 1 517 807 2072
0 1 1390 5483 2637
0 1 1390 8615 2637
0 1 1390 8615 360
0 1 1391 162 2866
0 1 1392 7841 2269
0 1 1393 2340 2182
0 1 524 5821 2659
0 1 69 4635 2146
0 1 69 6783 2559
0 1 69 8778 2920
0 1 69 8778 108
0 1 69 8778 1816
0 1 69 8778 2063
0 1 69 8778 108
0 1 69 8778 1816
0 1 69 8778 2063
0 1 1396 8301 2372
0 1 1396 2663 1670
0 1 528 1058 2029
0 1 528 1058 2029
0 1 528 5802 2000
0 1 528 5802 2000
0 1 528 2070 2000
0 1 528 2070 2006
0 1 528 2070 2071
0 1 528 2070 2000
0 1 528 2070 2006
0 1 528 2070 2166
0 1 528 4612 16
0 1 528 4612 16
0 1 528 1463 2033
0 1 528 1463 2033
0 1 528 1463 540
0 1 528 3177 1808
0 1 528 3177 83
0 1 528 3177 233
0 1 528 3177 321
0 1 528 3177 271
0 1 528 3177 223
0 1 528 3177 1808
0 1 528 3177 2166
0 1 528 3177 322
0 1 528 3177 531
0 1 528 3177 2238
0 1 528 3177 83
0 1 528 3177 2397
0 1 1402 4965 260
0 1 1402 6226 2606
0 1 1403 6957 2595
0 1 71 6412 1458
0 1 71 8596 2863
0 1 72 5512 99
0 1 72 5512 154
0 1 72 5512 99
0 1 72 7354 1808
0 1 72 7354 1808
0 1 72 4887 2033
0 1 72 4887 344
0 1 72 4887 223
0 1 72 4887 322
0 1 72 4887 531
0 1 72 4887 2033
0 1 72 4887 528
0 1 529 1653 1279
0 1 538 127 2123
0 1 539 4887 2033
0 1 539 4887 344
0 1 539 4887 223
0 1 539 4887 322
0 1 539 4887 531
0 1 539 4887 2033
0 1 539 4887 528
0 1 539 3177 1808
0 1 539 3177 83
0 1 539 3177 233
0 1 539 3177 321
0 1 539 3177 271
0 1 539 3177 223
0 1 539 3177 1808
0 1 539 3177 2166
0 1 539 3177 322
0 1 539 3177 531
0 1 539 3177 2238
0 1 539 3177 528
0 1 539 3177 83
0 1 539 3177 2397
0 1 539 5344 25
0 1 539 5344 2033
0 1 539 5344 2057
0 1 539 5344 71
0 1 539 5344 252
0 1 539 5344 330
0 1 539 5344 321
0 1 539 5344 223
0 1 539 5344 843
0 1 539 5344 2166
0 1 539 5344 25
0 1 539 5344 531
0 1 539 5344 2033
0 1 539 5344 528
0 1 539 5344 2057
0 1 539 5344 71
0 1 539 116 2232
0 1 539 116 540
0 1 539 5551 71
0 1 539 5551 2112
0 1 539 5551 71
0 1 539 6670 14
0 1 539 6670 25
0 1 539 6670 14
0 1 539 6670 233
0 1 539 6670 344
0 1 539 6670 326
0 1 539 6670 789
0 1 539 6670 840
0 1 539 6670 843
0 1 539 6670 25
0 1 539 2582 1992
0 1 539 2582 2000
0 1 539 2582 101
0 1 539 2582 25
0 1 539 2582 16
0 1 539 2582 3002
0 1 539 2582 147
0 1 539 2582 1992
0 1 539 2582 2000
0 1 539 2582 2104
0 1 539 2582 101
0 1 539 2582 25
0 1 539 2582 16
0 1 539 2582 147
0 1 539 5081 233
0 1 539 5081 789
0 1 539 9368 2002
0 1 539 9368 2002
0 1 539 9368 326
0 1 539 9368 256
0 1 539 9368 2747
0 1 540 1383 271
0 1 540 2671 2057
0 1 540 2671 2057
0 1 540 7360 2000
0 1 540 7360 16
0 1 540 7360 2000
0 1 540 7360 16
0 1 540 955 2033
0 1 540 955 2033
0 1 540 5575 1255
0 1 540 5575 299
0 1 540 9893 320
0 1 540 5782 271
0 1 540 5782 2691
0 1 543 116 2232
0 1 543 116 540
0 1 1411 2114 2466
0 1 74 5908 2255
0 1 74 5908 2391
0 1 74 2582 1992
0 1 74 2582 2000
0 1 74 2582 101
0 1 74 2582 25
0 1 74 2582 16
0 1 74 2582 3002
0 1 74 2582 147
0 1 74 2582 1992
0 1 74 2582 2000
0 1 74 2582 2104
0 1 74 2582 101
0 1 74 2582 25
0 1 74 2582 16
0 1 74 2582 147
0 1 1416 608 2176
0 1 1416 3912 2128
0 1 546 8573 1462
0 1 1420 4171 2683
0 1 553 5327 1429
0 1 554 8398 2012
0 1 554 8398 2012
0 1 554 358 2012
0 1 554 358 2012
0 1 554 358 2863
0 1 1425 6189 1042
0 1 1425 1602 1042
0 1 1425 7844 1042
0 1 1429 9761 2757
0 1 1429 3315 1573
0 1 1429 4625 2128
0 1 1429 4893 2023
0 1 1429 4893 2023
0 1 559 3771 343
0 1 559 130 343
0 1 1434 8929 1063
0 1 1434 129 2877
0 1 1435 1056 1147
0 1 562 4501 2454
0 1 565 9052 1063
0 1 567 6162 2179
0 1 567 6162 901
0 1 567 271 2179
0 1 567 271 901
0 1 567 2409 2179
0 1 567 2409 901
0 1 567 5405 2179
0 1 567 5405 901
0 1 567 5405 371
0 1 570 9334 200
0 1 77 4216 386
0 1 77 4216 2398
0 1 574 7553 60
0 1 574 7553 60
0 1 574 8006 60
0 1 574 8006 60
0 1 574 8006 552
0 1 1440 9990 1686
0 1 1443 7028 2819
0 1 583 4452 817
0 1 586 2691 2513
0 1 586 1149 543
0 1 1447 4249 2448
0 1 1447 3056 2122
0 1 589 5380 320
0 1 589 4617 2215
0 1 589 4617 217
0 1 1448 769 2505
0 1 1448 769 2687
0 1 590 2010 2949
0 1 1450 1300 290
0 1 1450 4957 1011
0 1 591 6295 2747
0 1 591 807 2072
0 1 82 1964 1848
0 1 82 2582 1992
0 1 82 2582 2000
0 1 82 2582 101
0 1 82 2582 25
0 1 82 2582 16
0 1 82 2582 3002
0 1 82 2582 147
0 1 82 2582 1992
0 1 82 2582 2000
0 1 82 2582 2104
0 1 82 2582 101
0 1 82 2582 25
0 1 82 2582 16
0 1 82 2582 147
0 1 82 5449 2013
0 1 82 5449 108
0 1 82 5449 1816
0 1 82 5449 2039
0 1 82 5449 2013
0 1 82 5449 108
0 1 82 5449 1816
0 1 82 5449 2039
0 1 82 920 1904
0 1 82 2295 2950
0 1 82 2295 2959
0 1 82 2295 2592
0 1 82 2579 1819
0 1 83 8253 1992
0 1 83 8253 1992
0 1 83 7227 25
0 1 83 7227 25
0 1 83 7227 531
0 1 83 5083 1996
0 1 83 5083 2087
0 1 83 5083 540
0 1 83 5083 1996
0 1 83 5186 2114
0 1 83 5186 663
0 1 83 3177 1808
0 1 83 3177 233
0 1 83 3177 321
0 1 83 3177 271
0 1 83 3177 223
0 1 83 3177 1808
0 1 83 3177 2166
0 1 83 3177 322
0 1 83 3177 531
0 1 83 3177 2238
0 1 83 3177 528
0 1 83 3177 2397
0 1 594 4574 1429
0 1 598 6797 663
0 1 598 9731 840
0 1 598 9731 2231
0 1 598 9731 663
0 1 598 3583 1994
0 1 598 3583 1994
0 1 598 3583 196
0 1 598 3583 789
0 1 598 10030 2002
0 1 598 10030 2002
0 1 598 10030 595
0 1 598 10030 2747
0 1 598 127 2123
0 1 598 3152 2087
0 1 598 3152 2088
0 1 599 4370 79
0 1 599 4370 79
0 1 599 5098 2220
0 1 599 6486 1007
0 1 599 6486 663
0 1 347 7331 2352
0 1 607 3779 2263
0 1 608 3094 2213
0 1 612 1762 2850
0 1 1457 6040 2010
0 1 1457 6040 2010
0 1 621 770 2750
0 1 621 8259 885
0 1 621 3941 2690
0 1 621 4761 2936
0 1 621 4761 2226
0 1 592 6778 2212
0 1 625 5344 25
0 1 625 5344 2033
0 1 625 5344 2057
0 1 625 5344 71
0 1 625 5344 252
0 1 625 5344 330
0 1 625 5344 321
0 1 625 5344 223
0 1 625 5344 843
0 1 625 5344 2166
0 1 625 5344 25
0 1 625 5344 531
0 1 625 5344 2033
0 1 625 5344 528
0 1 625 5344 2057
0 1 625 5344 71
0 1 625 5551 71
0 1 625 5551 2112
0 1 625 5551 71
0 1 625 2582 1992
0 1 625 2582 2000
0 1 625 2582 101
0 1 625 2582 25
0 1 625 2582 16
0 1 625 2582 3002
0 1 625 2582 147
0 1 625 2582 1992
0 1 625 2582 2000
0 1 625 2582 2104
0 1 625 2582 101
0 1 625 2582 25
0 1 625 2582 16
0 1 625 2582 147
0 1 625 116 2232
0 1 625 116 540
0 1 625 955 2033
0 1 625 955 2033
0 1 1461 6009 2781
0 1 85 2459 2781
0 1 1466 3541 1600
0 1 1466 50 1668
0 1 637 1183 2006
0 1 637 1183 196
0 1 637 1183 2006
0 1 637 1183 2153
0 1 637 1183 2247
0 1 637 1183 2747
0 1 637 1183 540
0 1 637 1183 2391
0 1 637 6483 252
0 1 637 5362 2111
0 1 637 5362 175
0 1 1467 5960 2040
0 1 1467 5960 2040
0 1 1467 3451 2016
0 1 1467 3451 1848
0 1 1467 3451 2016
0 1 1467 5634 322
0 1 1467 2324 2946
0 1 1468 847 2519
0 1 638 7255 2193
0 1 646 7562 166
0 1 646 7562 2904
0 1 646 9528 381
0 1 647 7168 546
0 1 290 8906 2048
0 1 290 8906 2988
0 1 290 8906 2166
0 1 290 8906 2048
0 1 290 4317 2988
0 1 649 4466 1009
0 1 649 6429 2686
0 1 650 6860 2950
0 1 650 6860 1818
0 1 650 5935 126
0 1 650 5935 126
0 1 87 4532 2071
0 1 403 3056 2122
0 1 1474 6009 2781
0 1 653 7628 2672
0 1 1478 2459 2781
0 1 656 7971 2117
0 1 661 5245 2862
0 1 663 9312 25
0 1 663 9312 326
0 1 663 9312 25
0 1 663 1359 307
0 1 663 5186 83
0 1 663 5186 2114
0 1 663 5186 83
0 1 663 1507 12
0 1 663 1507 80
0 1 663 1507 12
0 1 663 1507 2245
0 1 663 1507 299
0 1 663 3945 89
0 1 663 3945 89
0 1 663 3945 2421
0 1 663 5929 2166
0 1 663 7360 2000
0 1 663 7360 16
0 1 663 7360 2000
0 1 663 7360 540
0 1 663 7360 16
0 1 663 8182 154
0 1 663 6486 1007
0 1 663 2082 2166
0 1 664 3459 2975
0 1 664 2736 2975
0 1 664 203 2975
0 1 664 8655 2013
0 1 664 8655 4
0 1 664 8655 1816
0 1 664 8655 2973
0 1 664 8655 2013
0 1 664 8655 4
0 1 664 8655 1816
0 1 665 7960 2217
0 1 665 7259 327
0 1 665 195 2254
0 1 665 195 264
0 1 665 3276 2254
0 1 665 9224 386
0 1 665 8 1867
0 1 1480 6405 1121
0 1 1481 6267 2878
0 1 666 5420 2875
0 1 670 599 1848
0 1 1483 9911 2798
0 1 671 2144 737
0 1 595 10030 2002
0 1 595 10030 2002
0 1 595 10030 2747
0 1 1488 9244 2935
0 1 89 3945 2421
0 1 89 6518 233
0 1 89 6518 2138
0 1 89 6518 789
0 1 89 6518 2175
0 1 89 6518 2364
0 1 89 6518 2421
0 1 90 6051 2988
0 1 90 335 1855
0 1 90 335 186
0 1 90 1458 60
0 1 90 1458 60
0 1 90 4317 2988
0 1 90 8006 60
0 1 90 8006 60
0 1 90 8006 552
0 1 1498 5448 2719
0 1 1499 7093 937
0 1 1499 7093 2288
0 1 1500 3220 2533
0 1 1502 9197 2629
0 1 690 4764 2237
0 1 92 4266 2939
0 1 92 4266 2040
0 1 92 4266 3008
0 1 92 4266 2040
0 1 92 5908 2255
0 1 92 5908 2391
0 1 92 7528 2946
0 1 92 7528 2146
0 1 92 8778 2920
0 1 92 8778 108
0 1 92 8778 1816
0 1 92 8778 2063
0 1 92 8778 108
0 1 92 8778 1816
0 1 92 8778 2063
0 1 93 8688 14
0 1 93 8688 14
0 1 1506 3131 2474
0 1 694 3916 2440
0 1 694 5941 166
0 1 694 9757 2553
0 1 694 9757 2747
0 1 699 377 344
0 1 701 127 2123
0 1 701 6805 196
0 1 701 4767 2707
0 1 701 2174 2918
0 1 701 4370 79
0 1 701 4370 79
0 1 701 8363 1853
0 1 701 8897 2463
0 1 701 8897 2707
0 1 701 6731 2002
0 1 701 6731 2002
0 1 701 6731 344
0 1 701 2021 2068
0 1 701 2021 2068
0 1 701 5557 1717
0 1 702 3249 832
0 1 94 7123 2918
0 1 94 7123 2082
0 1 94 7123 2238
0 1 95 5634 322
0 1 95 7503 2016
0 1 95 7503 2016
0 1 95 6240 2011
0 1 95 6240 2011
0 1 95 2347 1848
0 1 95 5960 2040
0 1 95 5960 2040
0 1 96 7172 1808
0 1 96 7172 115
0 1 96 7172 1808
0 1 96 7172 115
0 1 96 5083 83
0 1 96 5083 1996
0 1 96 5083 2087
0 1 96 5083 83
0 1 96 5083 540
0 1 96 5083 1996
0 1 1512 8907 2448
0 1 707 6841 71
0 1 707 6841 71
0 1 708 5403 2148
0 1 1514 8498 885
0 1 1514 2693 2278
0 1 1514 3483 2966
0 1 1514 9186 2936
0 1 712 7134 358
0 1 1515 4545 2118
0 1 1517 854 1179
0 1 1518 7024 2456
0 1 1518 3974 2437
0 1 99 5512 154
0 1 99 2393 276
0 1 99 2393 994
0 1 1521 8880 2551
0 1 100 9218 1062
0 1 100 9218 2792
0 1 100 2816 2581
0 1 100 1207 1846
0 1 719 2716 1001
0 1 719 8407 1001
0 1 101 6838 2041
0 1 101 6838 16
0 1 101 6838 2041
0 1 101 6838 16
0 1 724 7649 889
0 1 724 7966 2441
0 1 724 7966 2550
0 1 1523 4850 2745
0 1 1524 6476 1145
0 1 730 559 2148
0 1 730 559 2166
0 1 730 559 2247
0 1 103 3257 108
0 1 103 3257 1812
0 1 103 3257 108
0 1 103 9406 2019
0 1 103 9406 108
0 1 103 9406 2939
0 1 103 9406 2146
0 1 103 9406 2592
0 1 103 9406 2019
0 1 103 9406 108
0 1 103 9406 2282
0 1 103 9406 2411
0 1 103 622 2920
0 1 103 622 2210
0 1 103 1792 2019
0 1 103 1792 2019
0 1 103 634 2924
0 1 103 634 2939
0 1 103 634 2041
0 1 103 634 1818
0 1 103 634 2152
0 1 103 634 2041
0 1 103 4635 2146
0 1 733 8110 2427
0 1 735 8912 1961
0 1 1526 4437 2595
0 1 737 1469 2292
0 1 105 1831 1156
0 1 740 5053 2141
0 1 740 5053 2166
0 1 740 2297 2104
0 1 741 8258 2104
0 1 741 8258 478
0 1 741 1034 2099
0 1 742 1342 252
0 1 742 1342 2245
0 1 742 730 14
0 1 742 730 14
0 1 106 6419 2925
0 1 106 1325 2930
0 1 106 1325 1479
0 1 106 415 2013
0 1 106 415 2016
0 1 106 415 1939
0 1 106 415 2013
0 1 106 415 2016
0 1 106 415 2404
0 1 106 1775 1852
0 1 106 1775 2921
0 1 106 1775 1852
0 1 748 5613 2193
0 1 751 8709 1211
0 1 1539 7307 2507
0 1 1540 4867 1134
0 1 1540 3834 2125
0 1 1541 9745 2820
0 1 107 2070 2000
0 1 107 2070 2006
0 1 107 2070 2071
0 1 107 2070 2000
0 1 107 2070 2006
0 1 107 2070 2166
0 1 107 2070 528
0 1 107 2225 14
0 1 107 2225 25
0 1 107 2225 1996
0 1 107 2225 14
0 1 107 2225 326
0 1 107 2225 2151
0 1 107 2225 25
0 1 107 2225 531
0 1 107 2225 464
0 1 107 2225 299
0 1 107 2225 1996
0 1 757 8313 1648
0 1 108 9406 2019
0 1 108 9406 2939
0 1 108 9406 2146
0 1 108 9406 2592
0 1 108 9406 2019
0 1 108 9406 2282
0 1 108 9406 2411
0 1 108 5562 2019
0 1 108 5562 1819
0 1 108 5562 2592
0 1 108 5562 2019
0 1 108 3503 2924
0 1 108 3503 2019
0 1 108 3503 1819
0 1 108 3503 2930
0 1 108 3503 1816
0 1 108 3503 2019
0 1 108 3503 2210
0 1 108 3503 1816
0 1 108 5449 2013
0 1 108 5449 1816
0 1 108 5449 2039
0 1 108 5449 2013
0 1 108 5449 1816
0 1 108 5449 2039
0 1 108 9865 2016
0 1 108 9865 2040
0 1 108 9865 1848
0 1 108 9865 2016
0 1 108 9865 2210
0 1 108 9865 2040
0 1 108 4518 1904
0 1 108 8905 1904
0 1 108 8905 2053
0 1 108 8905 2983
0 1 108 8905 2053
0 1 108 8778 2920
0 1 108 8778 1816
0 1 108 8778 2063
0 1 108 8778 1816
0 1 108 8778 2063
0 1 108 582 2920
0 1 108 582 2924
0 1 108 582 2983
0 1 108 7365 2920
0 1 108 7365 2924
0 1 108 7365 1819
0 1 108 7365 2047
0 1 108 7365 2559
0 1 108 7365 2146
0 1 108 7365 2210
0 1 108 7365 2047
0 1 108 7570 2960
0 1 1543 3941 2690
0 1 1543 6315 1648
0 1 759 9564 2091
0 1 761 1919 175
0 1 762 9802 2750
0 1 762 2130 128
0 1 762 2130 128
0 1 768 10030 2002
0 1 768 10030 2002
0 1 768 10030 595
0 1 768 10030 2747
0 1 772 8896 2755
0 1 773 568 327
0 1 773 568 2299
0 1 773 358 2012
0 1 773 358 2012
0 1 773 358 2863
0 1 773 7131 186
0 1 1560 1831 1156
0 1 111 4306 2969
0 1 111 1342 252
0 1 111 1342 2245
0 1 111 1342 742
0 1 779 9873 1244
0 1 115 7172 1808
0 1 115 7172 1808
0 1 115 5344 25
0 1 115 5344 2033
0 1 115 5344 2057
0 1 115 5344 71
0 1 115 5344 252
0 1 115 5344 330
0 1 115 5344 321
0 1 115 5344 223
0 1 115 5344 843
0 1 115 5344 2166
0 1 115 5344 25
0 1 115 5344 531
0 1 115 5344 2033
0 1 115 5344 528
0 1 115 5344 2057
0 1 115 5344 71
0 1 115 6249 840
0 1 115 6249 2391
0 1 1572 4757 2283
0 1 1572 229 2163
0 1 1572 229 1429
0 1 1572 783 2537
0 1 789 7128 2646
0 1 789 7128 531
0 1 789 7128 2670
0 1 789 7128 2247
0 1 789 1288 2175
0 1 789 5081 233
0 1 789 6518 89
0 1 789 6518 233
0 1 789 6518 89
0 1 789 6518 2138
0 1 789 6518 2175
0 1 789 6518 2364
0 1 789 6518 2421
0 1 789 8948 233
0 1 789 8948 2175
0 1 789 8948 2364
0 1 789 3177 1808
0 1 789 3177 83
0 1 789 3177 233
0 1 789 3177 321
0 1 789 3177 271
0 1 789 3177 223
0 1 789 3177 1808
0 1 789 3177 2166
0 1 789 3177 322
0 1 789 3177 531
0 1 789 3177 2238
0 1 789 3177 528
0 1 789 3177 83
0 1 789 3177 2397
0 1 789 5712 2071
0 1 789 5712 2576
0 1 789 5712 2707
0 1 789 6670 14
0 1 789 6670 25
0 1 789 6670 14
0 1 789 6670 233
0 1 789 6670 344
0 1 789 6670 326
0 1 789 6670 840
0 1 789 6670 843
0 1 789 6670 25
0 1 104 7087 2037
0 1 104 7087 2037
0 1 104 9224 386
0 1 104 3455 2037
0 1 104 3455 386
0 1 104 3455 2037
0 1 790 6434 2428
0 1 791 2997 2798
0 1 791 454 2200
0 1 791 454 2273
0 1 1576 3612 1284
0 1 793 3374 2006
0 1 793 3374 2057
0 1 793 3374 2006
0 1 793 3374 452
0 1 793 3374 2057
0 1 795 2225 14
0 1 795 2225 25
0 1 795 2225 1996
0 1 795 2225 14
0 1 795 2225 326
0 1 795 2225 2151
0 1 795 2225 25
0 1 795 2225 531
0 1 795 2225 464
0 1 795 2225 299
0 1 795 2225 1996
0 1 795 4976 2298
0 1 796 6479 266
0 1 796 4285 2205
0 1 799 3332 1881
0 1 117 5679 2152
0 1 117 3466 1904
0 1 117 310 2018
0 1 117 310 2018
0 1 117 310 2826
0 1 117 1037 1816
0 1 117 1037 1816
0 1 801 9406 2019
0 1 801 9406 108
0 1 801 9406 2939
0 1 801 9406 2146
0 1 801 9406 2592
0 1 801 9406 2019
0 1 801 9406 108
0 1 801 9406 2282
0 1 801 9406 2411
0 1 801 4939 1812
0 1 801 669 2039
0 1 801 669 2039
0 1 802 885 2347
0 1 1580 8617 2776
0 1 1581 5310 1285
0 1 1581 6149 2369
0 1 1581 8762 2222
0 1 1582 544 2706
0 1 807 9735 2034
0 1 807 9735 2973
0 1 807 9735 2152
0 1 807 9735 2034
0 1 807 5722 2013
0 1 807 5722 1914
0 1 807 5722 1816
0 1 807 5722 2013
0 1 807 5722 2146
0 1 807 5722 1816
0 1 807 8655 2013
0 1 807 8655 4
0 1 807 8655 1816
0 1 807 8655 2973
0 1 807 8655 2013
0 1 807 8655 4
0 1 807 8655 1816
0 1 807 2295 2950
0 1 807 2295 2959
0 1 807 2295 2592
0 1 1586 1004 2752
0 1 1585 4913 2564
0 1 1589 5422 1295
0 1 810 1300 290
0 1 810 8645 2988
0 1 810 8645 2546
0 1 810 8645 290
0 1 810 7456 290
0 1 810 7456 2863
0 1 815 3040 2305
0 1 1596 9802 2750
0 1 1596 8863 2952
0 1 1596 8689 2690
0 1 1597 3768 2817
0 1 828 762 2036
0 1 828 762 2036
0 1 829 6454 326
0 1 1599 83 2435
0 1 1599 1979 2435
0 1 831 2429 710
0 1 831 8879 2298
0 1 1591 8604 1284
0 1 834 6431 2194
0 1 834 8614 2194
0 1 835 1996 2316
0 1 835 1996 2327
0 1 835 4715 2316
0 1 835 4715 2327
0 1 835 8201 2316
0 1 835 2725 66
0 1 835 2725 66
0 1 840 6249 2391
0 1 840 8463 2082
0 1 1605 3725 543
0 1 843 3177 1808
0 1 843 3177 83
0 1 843 3177 233
0 1 843 3177 321
0 1 843 3177 271
0 1 843 3177 223
0 1 843 3177 1808
0 1 843 3177 2166
0 1 843 3177 322
0 1 843 3177 531
0 1 843 3177 2238
0 1 843 3177 528
0 1 843 3177 83
0 1 843 3177 2397
0 1 843 6670 14
0 1 843 6670 25
0 1 843 6670 14
0 1 843 6670 233
0 1 843 6670 344
0 1 843 6670 326
0 1 843 6670 789
0 1 843 6670 840
0 1 843 6670 25
0 1 843 5081 233
0 1 843 5081 789
0 1 843 2695 464
0 1 843 5098 2220
0 1 843 2590 528
0 1 843 4887 2033
0 1 843 4887 344
0 1 843 4887 223
0 1 843 4887 322
0 1 843 4887 531
0 1 843 4887 2033
0 1 843 4887 528
0 1 844 8131 2592
0 1 1609 392 2595
0 1 1614 305 2896
0 1 1618 6410 1121
0 1 1618 6410 2876
0 1 1620 8861 2727
0 1 1620 8861 2814
0 1 1620 4725 2690
0 1 1620 4725 2770
0 1 850 6267 2878
0 1 852 5344 25
0 1 852 5344 2033
0 1 852 5344 2057
0 1 852 5344 71
0 1 852 5344 252
0 1 852 5344 330
0 1 852 5344 321
0 1 852 5344 223
0 1 852 5344 843
0 1 852 5344 2166
0 1 852 5344 25
0 1 852 5344 531
0 1 852 5344 2033
0 1 852 5344 528
0 1 852 5344 2057
0 1 852 5344 71
0 1 852 2070 2000
0 1 852 2070 2006
0 1 852 2070 2071
0 1 852 2070 2000
0 1 852 2070 2006
0 1 852 2070 2166
0 1 852 2070 528
0 1 852 6670 14
0 1 852 6670 25
0 1 852 6670 14
0 1 852 6670 233
0 1 852 6670 344
0 1 852 6670 326
0 1 852 6670 789
0 1 852 6670 840
0 1 852 6670 843
0 1 852 6670 25
0 1 852 2640 2112
0 1 852 4573 663
0 1 852 3177 1808
0 1 852 3177 83
0 1 852 3177 233
0 1 852 3177 321
0 1 852 3177 271
0 1 852 3177 223
0 1 852 3177 1808
0 1 852 3177 2166
0 1 852 3177 322
0 1 852 3177 531
0 1 852 3177 2238
0 1 852 3177 528
0 1 852 3177 83
0 1 852 3177 2397
0 1 852 7227 25
0 1 852 7227 83
0 1 852 7227 25
0 1 852 7227 531
0 1 852 7227 83
0 1 853 4966 2203
0 1 125 344 2738
0 1 1626 1195 1284
0 1 1626 8844 1285
0 1 1626 8844 2369
0 1 865 45 2363
0 1 865 8781 2406
0 1 865 1205 2363
0 1 126 350 2933
0 1 126 350 2210
0 1 126 2001 1812
0 1 126 2001 2210
0 1 126 5434 1904
0 1 126 5434 108
0 1 126 5434 1816
0 1 126 5434 108
0 1 126 5434 1816
0 1 126 8131 2592
0 1 126 5562 2019
0 1 126 5562 1819
0 1 126 5562 108
0 1 126 5562 2592
0 1 126 5562 2019
0 1 126 5562 108
0 1 126 8496 1812
0 1 126 5449 2013
0 1 126 5449 108
0 1 126 5449 1816
0 1 126 5449 2039
0 1 126 5449 2013
0 1 126 5449 108
0 1 126 5449 1816
0 1 126 5449 2039
0 1 126 1141 1819
0 1 126 1141 108
0 1 126 1141 108
0 1 867 4809 2298
0 1 128 629 2770
0 1 128 9165 2690
0 1 873 4593 2312
0 1 873 1479 1316
0 1 873 6434 2428
0 1 874 9364 2382
0 1 1638 8568 1358
0 1 1642 1717 2591
0 1 1644 2731 2877
0 1 1644 7922 2434
0 1 883 5371 1813
0 1 883 6859 2155
0 1 1648 3285 2770
0 1 133 6676 2849
0 1 133 6166 2626
0 1 899 5759 2295
0 1 899 9159 2295
0 1 901 6162 2179
0 1 901 2409 2179
0 1 901 2648 2179
0 1 901 271 2179
0 1 1655 9902 2587
0 1 1655 8518 2586
0 1 1658 2598 1284
0 1 1662 36 2950
0 1 1662 976 103
0 1 1662 976 103
0 1 1662 634 2924
0 1 1662 634 103
0 1 1662 634 2939
0 1 1662 634 2041
0 1 1662 634 1818
0 1 1662 634 2152
0 1 1662 634 103
0 1 1662 634 2041
0 1 1662 3118 1819
0 1 1662 3118 2559
0 1 911 6558 60
0 1 911 6558 60
0 1 911 6051 2988
0 1 1669 4237 2849
0 1 1669 6676 2849
0 1 923 9912 235
0 1 1677 8178 2347
0 1 932 3862 2096
0 1 1685 8698 2746
0 1 938 2322 1240
0 1 1686 9439 486
0 1 947 2691 2513
0 1 948 7352 2314
0 1 953 9207 2676
0 1 1701 7131 186
0 1 1701 7549 2299
0 1 1701 2966 186
0 1 1701 2586 186
0 1 140 3177 1808
0 1 140 3177 83
0 1 140 3177 233
0 1 140 3177 321
0 1 140 3177 271
0 1 140 3177 223
0 1 140 3177 1808
0 1 140 3177 2166
0 1 140 3177 322
0 1 140 3177 531
0 1 140 3177 2238
0 1 140 3177 528
0 1 140 3177 83
0 1 140 3177 2397
0 1 140 1507 12
0 1 140 1507 80
0 1 140 1507 12
0 1 140 1507 2245
0 1 140 1507 663
0 1 140 1507 299
0 1 140 1412 2343
0 1 143 4705 2586
0 1 1723 6743 2456
0 1 1733 1401 1287
0 1 1737 1226 2465
0 1 652 6429 2686
0 1 652 981 2527
0 1 986 5806 447
0 1 1743 8506 2511
0 1 1744 6806 1028
0 1 1748 3827 2072
0 1 1748 8337 2057
0 1 1748 8337 2057
0 1 144 5344 25
0 1 144 5344 2033
0 1 144 5344 2057
0 1 144 5344 71
0 1 144 5344 252
0 1 144 5344 330
0 1 144 5344 321
0 1 144 5344 223
0 1 144 5344 843
0 1 144 5344 2166
0 1 144 5344 25
0 1 144 5344 531
0 1 144 5344 2033
0 1 144 5344 528
0 1 144 5344 2057
0 1 144 5344 71
0 1 144 8258 2104
0 1 144 8258 478
0 1 144 8258 741
0 1 144 7058 12
0 1 144 7058 12
0 1 144 7058 2707
0 1 1752 5850 2088
0 1 1752 5850 2538
0 1 1752 5850 2747
0 1 1752 5115 1190
0 1 994 6129 176
0 1 994 2393 99
0 1 994 2393 99
0 1 994 2393 276
0 1 1755 1540 12
0 1 1755 1540 12
0 1 995 2173 2597
0 1 996 6643 192
0 1 1758 3934 2609
0 1 1758 3934 2835
0 1 1758 7980 1316
0 1 1758 7980 2315
0 1 997 3198 2986
0 1 998 547 531
0 1 999 9488 2542
0 1 999 9488 2623
0 1 999 4464 2027
0 1 999 4464 2104
0 1 999 4464 2027
0 1 999 4464 2244
0 1 999 4558 12
0 1 999 4558 2027
0 1 999 4558 12
0 1 999 4558 2027
0 1 1761 1690 2576
0 1 1761 1241 1357
0 1 1763 8365 2499
0 1 1766 8734 1027
0 1 1766 2253 2570
0 1 146 9612 2045
0 1 146 9612 2045
0 1 146 1239 1316
0 1 147 9610 2670
0 1 147 1104 270
0 1 1003 5848 518
0 1 1003 5000 518
0 1 1768 7605 1291
0 1 1768 7605 2183
0 1 1768 5978 1555
0 1 1004 2107 2747
0 1 1004 3374 2006
0 1 1004 3374 2057
0 1 1004 3374 2006
0 1 1004 3374 793
0 1 1004 3374 452
0 1 1004 3374 2057
0 1 149 4875 2013
0 1 149 4875 2013
0 1 149 8132 2921
0 1 149 3459 2975
0 1 149 6770 2975
0 1 149 9099 2975
0 1 149 9099 2210
0 1 149 2736 2975
0 1 1775 5007 2558
0 1 1778 6828 2546
0 1 1780 9490 2684
0 1 1781 3485 2591
0 1 1781 3292 2681
0 1 1781 4726 2461
0 1 1781 3761 2597
0 1 1784 2836 2747
0 1 1785 8053 2488
0 1 1786 4878 2707
0 1 1787 3220 2533
0 1 150 7572 2450
0 1 1790 2973 452
0 1 1790 5502 2917
0 1 1792 675 2550
0 1 1799 4144 1088
