0 20 3316 179
0 20 2260 1193
0 20 2150 1005
0 3 3231 290
0 6 2185 801
0 9 38 140
0 9 38 140
0 10 4 1720
0 10 4 1200
0 10 301 996
0 10 1318 996
0 10 2867 996
0 10 3107 1047
0 15 960 1094
0 15 960 159
0 15 2120 150
0 15 2120 150
0 15 2419 1155
0 15 2372 1720
0 15 802 150
0 15 802 150
0 15 1309 145
0 15 1309 1237
0 15 1309 145
0 15 3514 1782
0 16 213 47
0 16 213 47
0 19 271 1002
0 22 706 1748
0 22 706 1760
0 22 706 1793
0 22 2274 145
0 22 2274 1194
0 22 2274 145
0 22 3464 1018
0 22 3464 1023
0 22 3464 1222
0 28 770 1479
0 28 3095 801
0 29 306 140
0 29 306 140
0 29 2521 140
0 29 2521 140
0 30 1830 1043
0 30 2082 1793
0 30 3195 1084
0 30 1527 1198
0 30 1527 1232
0 41 334 1479
0 44 480 1252
0 46 426 55
0 46 426 55
0 47 1737 110
0 47 1737 110
0 47 213 16
0 47 213 16
0 49 732 60
0 49 732 60
0 49 1988 60
0 49 1988 60
0 49 1983 60
0 49 1983 60
0 1832 2799 1293
0 55 426 46
0 55 426 46
0 58 3357 1985
0 58 3468 1985
0 60 732 49
0 60 732 49
0 60 1988 49
0 60 1988 49
0 60 1983 49
0 60 1983 49
0 61 2535 801
0 61 1295 103
0 61 1295 103
0 61 2267 103
0 61 2267 103
0 63 755 807
0 88 430 1952
0 88 674 1952
0 88 674 1602
0 88 2024 1952
0 88 2024 1602
0 88 3082 1952
0 88 3082 1602
0 1976 1913 1977
0 92 861 108
0 92 861 108
0 93 727 672
0 96 3723 740
0 96 2441 484
0 1977 1913 1976
0 99 1717 489
0 103 1295 61
0 103 1295 61
0 103 1028 1236
0 103 2267 61
0 103 2267 61
0 1891 3600 1437
0 106 1358 650
0 108 861 92
0 108 861 92
0 108 2708 1467
0 104 229 386
0 124 1876 1218
0 110 1737 47
0 110 1737 47
0 1985 3357 58
0 1985 3357 58
0 1985 3468 58
0 1985 3468 58
0 1952 2024 88
0 1952 2024 88
0 1952 2024 1602
0 1952 430 88
0 1952 430 88
0 1952 3082 88
0 1952 3082 88
0 1952 3082 1602
0 1952 1903 1602
0 1952 674 88
0 1952 674 88
0 1952 674 1602
0 140 38 9
0 140 38 9
0 140 306 29
0 140 306 29
0 140 2521 29
0 140 2521 29
0 143 3480 1702
0 143 3480 1041
0 143 3480 1145
0 143 3480 1209
0 144 1559 245
0 145 258 150
0 145 258 1155
0 145 258 150
0 145 1309 15
0 145 1309 15
0 145 1309 1237
0 145 3074 1702
0 145 601 1179
0 145 2274 22
0 145 2274 1194
0 145 2274 22
0 145 1201 276
0 145 1201 279
0 145 1201 310
0 145 2166 1029
0 145 2166 1174
0 145 527 1030
0 145 1798 1084
0 146 3427 1121
0 146 2108 1721
0 147 280 994
0 147 2040 994
0 150 258 145
0 150 258 1155
0 150 258 145
0 150 2120 15
0 150 2120 15
0 150 802 15
0 150 802 15
0 1702 3480 143
0 1702 3480 1041
0 1702 3480 1145
0 1702 3480 1209
0 1702 3480 143
0 1702 1052 1727
0 1702 1052 1751
0 1702 3074 145
0 1702 3074 145
0 1057 1184 1071
0 1057 1499 1222
0 1057 3292 1166
0 1057 3292 1191
0 1704 2087 1320
0 1704 2087 1762
0 1704 2217 1166
0 1704 3272 1436
0 218 1845 195
0 218 1845 217
0 218 1299 206
0 218 1299 237
0 218 1299 253
0 218 1299 1010
0 218 2846 206
0 218 2846 256
0 218 2846 275
0 218 2846 276
0 218 2846 279
0 218 2846 1001
0 218 1868 217
0 218 1868 275
0 218 1868 280
0 1705 1899 1142
0 1705 2684 1072
0 1705 2684 1119
0 1705 1187 970
0 1705 3730 1118
0 1705 376 1119
0 1705 555 1210
0 969 3211 155
0 969 3211 1716
0 969 1085 1017
0 155 1838 255
0 155 1838 256
0 155 1838 280
0 155 3211 969
0 155 3211 1716
0 155 557 992
0 970 1187 1705
0 1090 2770 1023
0 1090 3788 1020
0 1090 3610 1320
0 1090 534 478
0 1090 534 1225
0 1090 534 1782
0 1148 3879 1780
0 1148 139 1780
0 1148 3037 1780
0 1148 1704 1527
0 1148 1704 1741
0 1148 1704 1780
0 1709 3111 1147
0 1709 3111 1238
0 1709 2231 1173
0 1709 69 1127
0 1044 2434 1436
0 1044 515 1524
0 1479 334 41
0 1479 334 41
0 1479 770 28
0 1479 770 28
0 1479 901 312
0 1134 1023 1063
0 1134 631 1063
0 1134 1847 1063
0 478 3386 275
0 478 65 270
0 478 3170 1203
0 478 3170 257
0 478 3170 1191
0 478 3170 275
0 478 534 1090
0 478 534 1225
0 478 534 1782
0 1714 1873 1029
0 1714 1873 1202
0 1714 91 1206
0 1714 66 1193
0 1714 66 1173
0 1714 2304 1203
0 1714 2 159
0 154 3289 171
0 154 3289 172
0 154 3289 228
0 154 2396 171
0 154 2396 228
0 154 2383 171
0 154 2383 228
0 154 1139 194
0 154 444 217
0 154 444 234
0 154 3782 171
0 154 3782 172
0 154 3782 228
0 154 3782 241
0 154 3782 1010
0 154 924 171
0 154 924 172
0 154 924 206
0 154 924 228
0 154 924 307
0 154 924 719
0 154 924 1001
0 154 924 1010
0 154 1360 206
0 154 1360 486
0 154 1374 171
0 154 1374 1001
0 1715 2477 1076
0 1715 2477 1784
0 1715 2477 1793
0 1715 185 1030
0 1715 185 1237
0 1063 1023 1134
0 1063 1962 1295
0 1063 1847 1134
0 1063 3261 1295
0 1063 3261 1420
0 1063 631 1134
0 1716 834 1140
0 1716 3211 969
0 1716 3211 155
0 1716 3162 1708
0 1716 3038 1759
0 1022 1391 1215
0 978 3006 213
0 978 3006 178
0 1113 3844 1320
0 1113 1517 1020
0 1113 1517 1023
0 1113 682 1147
0 1113 682 1214
0 1113 846 1023
0 1113 846 1191
0 1113 846 1225
0 1113 1933 1023
0 1113 3766 1145
0 1113 3766 1189
0 1113 86 1147
0 1113 2493 1203
0 1113 1673 1040
0 979 1543 862
0 531 1317 484
0 1092 640 1209
0 1092 640 1238
0 1720 2372 15
0 1720 2372 15
0 1720 4 10
0 1720 4 10
0 1720 4 1200
0 191 3470 241
0 191 2734 273
0 191 2301 171
0 191 2301 172
0 1721 1705 1316
0 1721 3088 1316
0 1721 2152 1117
0 1721 2108 146
0 1721 2108 146
0 1722 3613 1132
0 1722 3613 1140
0 1722 3570 1130
0 1722 3570 1225
0 1722 1760 1030
0 1722 843 1076
0 1722 1116 1130
0 1722 1116 1739
0 1117 2152 1721
0 1117 997 1302
0 1094 3368 257
0 1094 960 15
0 1094 960 159
0 1094 960 15
0 1094 539 301
0 1094 539 1239
0 1094 2293 1030
0 1094 2293 1194
0 1094 2572 1784
0 1094 1073 1101
0 1020 3380 1198
0 1020 2106 1784
0 1020 3466 1029
0 1020 3788 1090
0 1020 1517 1113
0 1020 1517 1023
0 1020 2999 1127
0 1020 1599 1127
0 1020 1599 1237
0 1156 1313 1065
0 1156 1313 1174
0 1156 1313 1724
0 1156 2755 1145
0 1156 2755 1189
0 1156 2755 1191
0 1156 3205 1061
0 1156 3205 1202
0 1728 1310 213
0 1729 2690 1041
0 1729 2690 1174
0 1729 2346 1132
0 1193 1083 1760
0 1193 2260 20
0 1193 2260 20
0 1193 2854 1783
0 1193 66 1714
0 1193 66 1173
0 1030 1900 275
0 1030 1900 1741
0 1030 1760 1722
0 1030 527 145
0 1030 527 145
0 1030 831 1357
0 1030 185 1715
0 1030 185 1237
0 1030 2293 1094
0 1030 2293 1194
0 1173 2231 1709
0 1173 694 1743
0 1173 66 1714
0 1173 66 1193
0 171 924 154
0 171 924 172
0 171 924 206
0 171 924 228
0 171 924 307
0 171 924 719
0 171 924 1001
0 171 924 1010
0 171 2383 154
0 171 2383 228
0 171 2396 154
0 171 2396 228
0 171 3782 154
0 171 3782 172
0 171 3782 228
0 171 3782 241
0 171 3782 1010
0 171 3530 194
0 171 3530 879
0 171 3530 172
0 171 3530 217
0 171 3530 253
0 171 3530 1001
0 171 3530 1010
0 171 2301 191
0 171 2301 172
0 171 1374 154
0 171 1374 1001
0 171 3289 154
0 171 3289 172
0 171 3289 228
0 1182 3364 1065
0 195 3075 294
0 195 1845 218
0 195 1845 217
0 1203 2493 1113
0 1203 3471 1209
0 1203 2304 1714
0 1203 3170 478
0 1203 3170 257
0 1203 3170 1191
0 1203 3170 275
0 992 951 294
0 992 418 222
0 992 418 298
0 992 660 1239
0 992 660 730
0 992 557 155
0 484 1317 531
0 484 396 1004
0 484 2441 96
0 484 2441 96
0 495 2318 313
0 1018 678 1708
0 1018 1545 1500
0 1018 3464 22
0 1018 3464 1023
0 1018 3464 22
0 1018 3464 1222
0 213 1893 993
0 213 2394 892
0 213 1310 1728
0 213 3006 978
0 213 3006 178
0 20 3316 179
0 20 2260 1193
0 20 2150 1005
0 1127 3439 1021
0 1127 2999 1020
0 1127 1599 1020
0 1127 1599 1237
0 1127 69 1709
0 1127 591 1225
0 1007 1392 1084
0 1007 3720 175
0 1007 3720 257
0 1007 3720 179
0 1007 3720 993
0 1007 3720 1005
0 1069 1093 1436
0 194 1139 154
0 194 3530 171
0 194 3530 879
0 194 3530 172
0 194 3530 217
0 194 3530 253
0 194 3530 1001
0 194 3530 1010
0 879 3530 171
0 879 3530 194
0 879 3530 172
0 879 3530 217
0 879 3530 253
0 879 3530 1001
0 879 3530 1010
0 879 750 253
0 879 750 294
0 879 2464 206
0 879 2464 279
0 879 2464 310
0 879 2464 719
0 879 3362 486
0 879 766 227
0 879 766 257
0 879 3443 172
0 879 3443 1010
0 1017 1085 969
0 1019 815 1052
0 1019 3324 1071
0 152 1588 283
0 1021 1902 1783
0 1021 3439 1127
0 1021 645 1743
0 1023 3464 22
0 1023 3464 1018
0 1023 3464 22
0 1023 3464 1222
0 1023 1517 1113
0 1023 1517 1020
0 1023 846 1113
0 1023 846 1191
0 1023 846 1225
0 1023 3198 1782
0 1023 2770 1090
0 1023 1933 1113
0 1029 2656 1136
0 1029 1873 1714
0 1029 1873 1202
0 1029 2166 145
0 1029 2166 1174
0 1029 2166 145
0 1029 3466 1020
0 1029 1049 1320
0 1029 1039 1191
0 1029 1039 301
0 1029 940 216
0 158 303 724
0 1032 3501 1447
0 159 960 15
0 159 960 1094
0 159 960 15
0 159 2 1714
0 1040 1673 1113
0 1040 3385 1214
0 1040 3385 1217
0 162 644 473
0 163 2728 167
0 1041 1194 1759
0 1041 3480 143
0 1041 3480 1702
0 1041 3480 1145
0 1041 3480 1209
0 1041 3480 143
0 1041 1296 1006
0 1041 2690 1729
0 1041 2690 1174
0 1042 2611 1108
0 1042 2611 1109
0 1043 2599 1052
0 1043 2599 1073
0 1043 2599 1734
0 1043 1830 30
0 1043 1830 30
0 1047 3107 10
0 1047 3107 10
0 1047 3611 1101
0 1047 2964 1210
0 166 2803 383
0 1052 2599 1043
0 1052 2599 1073
0 1052 2599 1734
0 1052 656 1147
0 1052 815 1019
0 167 2728 163
0 167 1380 280
0 167 1380 998
0 167 3360 998
0 167 1225 1743
0 167 1225 998
0 1061 3205 1156
0 1061 3205 1202
0 172 3782 154
0 172 3782 171
0 172 3782 228
0 172 3782 241
0 172 3782 1010
0 172 3530 171
0 172 3530 194
0 172 3530 879
0 172 3530 217
0 172 3530 253
0 172 3530 1001
0 172 3530 1010
0 172 2301 191
0 172 2301 171
0 172 924 154
0 172 924 171
0 172 924 206
0 172 924 228
0 172 924 307
0 172 924 719
0 172 924 1001
0 172 924 1010
0 172 3289 154
0 172 3289 171
0 172 3289 228
0 172 3443 879
0 172 3443 1010
0 1065 2487 1202
0 1065 2798 1747
0 1065 3364 1182
0 1065 1313 1156
0 1065 1313 1174
0 1065 1313 1724
0 1067 2397 435
0 1067 1515 1781
0 175 2122 320
0 175 2063 178
0 175 3720 1007
0 175 3720 257
0 175 3720 179
0 175 3720 993
0 175 3720 1005
0 1071 3497 1222
0 1071 3324 1019
0 1071 1184 1057
0 1072 2684 1705
0 1072 2684 1119
0 1073 2599 1043
0 1073 2599 1052
0 1073 2599 1734
0 1076 3507 1793
0 1076 843 1722
0 1076 2477 1715
0 1076 2477 1784
0 1076 2477 1793
0 178 3664 257
0 178 3664 259
0 178 3664 179
0 178 2063 175
0 178 947 205
0 178 3006 978
0 178 3006 213
0 1084 2869 1222
0 1084 2869 1782
0 1084 3195 30
0 1084 3195 30
0 1084 1392 1007
0 1084 1798 145
0 1084 1798 145
0 1088 2047 1782
0 1093 317 1006
0 1098 300 1433
0 1098 2284 1433
0 1100 3177 266
0 1100 3177 1245
0 1100 3177 749
0 1101 884 1136
0 1101 295 774
0 1101 1073 1094
0 1101 3611 1047
0 3 3231 290
0 189 3103 216
0 189 3103 275
0 1104 1363 1740
0 1106 765 491
0 1108 2611 1042
0 1108 2611 1109
0 1109 2611 1042
0 1109 2611 1108
0 1112 2426 869
0 1115 53 1135
0 1116 628 240
0 1118 3730 1705
0 1119 2684 1705
0 1119 2684 1072
0 1119 376 1705
0 200 3225 380
0 1121 3427 146
0 1121 3427 146
0 205 1488 257
0 205 1488 280
0 205 2415 259
0 205 2415 276
0 205 947 178
0 1130 1116 1722
0 1130 1116 1739
0 1130 582 1751
0 1130 3570 1722
0 1130 3570 1225
0 206 1299 218
0 206 1299 237
0 206 1299 253
0 206 1299 1010
0 206 2545 253
0 206 924 154
0 206 924 171
0 206 924 172
0 206 924 228
0 206 924 307
0 206 924 719
0 206 924 1001
0 206 924 1010
0 206 1360 154
0 206 1360 486
0 206 2846 218
0 206 2846 256
0 206 2846 275
0 206 2846 276
0 206 2846 279
0 206 2846 1001
0 206 2464 879
0 206 2464 279
0 206 2464 310
0 206 2464 719
0 1132 2346 1729
0 1132 3613 1722
0 1132 3613 1140
0 1132 2004 1136
0 1132 2004 1145
0 1133 219 1240
0 212 2850 259
0 1135 53 1115
0 1136 2656 1029
0 1136 2004 1132
0 1136 2004 1145
0 1136 884 1101
0 1136 2427 1194
0 1136 3556 1763
0 1137 2485 1589
0 1140 834 1716
0 1140 3540 1763
0 1140 3613 1722
0 1140 3613 1132
0 1140 1651 1738
0 1142 1899 1705
0 1144 3477 1176
0 1144 3477 261
0 1145 2755 1156
0 1145 2755 1189
0 1145 2755 1191
0 1145 337 1202
0 1145 3480 143
0 1145 3480 1702
0 1145 3480 1041
0 1145 3480 1209
0 1145 3480 143
0 1145 3766 1113
0 1145 3766 1189
0 1145 2004 1132
0 1145 2004 1136
0 1147 656 1052
0 1147 86 1113
0 1147 682 1113
0 1147 682 1214
0 1147 3805 1214
0 1147 3111 1709
0 1147 3111 1238
0 1147 1070 1748
0 1147 1636 1184
0 216 940 1029
0 216 1472 285
0 216 1472 691
0 216 3103 189
0 216 3103 275
0 217 1845 218
0 217 1845 195
0 217 3530 171
0 217 3530 194
0 217 3530 879
0 217 3530 172
0 217 3530 253
0 217 3530 1001
0 217 3530 1010
0 217 444 154
0 217 444 234
0 217 1868 218
0 217 1868 275
0 217 1868 280
0 220 3042 307
0 220 2704 237
0 220 2704 241
0 220 2704 253
0 220 2704 294
0 220 2704 307
0 220 2704 719
0 6 2185 801
0 222 3787 257
0 222 3787 275
0 222 418 992
0 222 418 298
0 1152 1271 990
0 1154 3637 1259
0 1155 258 145
0 1155 258 150
0 1155 258 145
0 1155 258 150
0 1155 3262 1202
0 1155 3262 1509
0 1155 2419 15
0 1155 2419 15
0 227 766 879
0 227 766 257
0 228 2383 154
0 228 2383 171
0 228 924 154
0 228 924 171
0 228 924 172
0 228 924 206
0 228 924 307
0 228 924 719
0 228 924 1001
0 228 924 1010
0 228 3782 154
0 228 3782 171
0 228 3782 172
0 228 3782 241
0 228 3782 1010
0 228 2396 154
0 228 2396 171
0 228 3289 154
0 228 3289 171
0 228 3289 172
0 1161 2936 1216
0 1161 50 1216
0 1166 1719 1190
0 1166 1719 1741
0 1166 1719 1784
0 1166 3292 1057
0 1166 3292 1191
0 1166 2217 1704
0 235 2049 1758
0 235 3962 281
0 9 38 140
0 9 38 140
0 10 4 1720
0 10 4 1200
0 10 301 996
0 10 1318 996
0 10 2867 996
0 10 3107 1047
0 236 1273 278
0 237 2704 220
0 237 2704 241
0 237 2704 253
0 237 2704 294
0 237 2704 307
0 237 2704 719
0 237 1299 218
0 237 1299 206
0 237 1299 253
0 237 1299 1010
0 1172 858 1243
0 240 628 1116
0 241 2422 253
0 241 2704 220
0 241 2704 237
0 241 2704 253
0 241 2704 294
0 241 2704 307
0 241 2704 719
0 241 3782 154
0 241 3782 171
0 241 3782 172
0 241 3782 228
0 241 3782 1010
0 241 3470 191
0 1174 2166 145
0 1174 2166 1029
0 1174 2166 145
0 1174 2690 1729
0 1174 2690 1041
0 1174 1313 1156
0 1174 1313 1065
0 1174 1313 1724
0 1176 2819 1208
0 1176 3477 1144
0 1176 3477 261
0 1178 2145 1753
0 245 1559 144
0 245 1559 144
0 245 2454 423
0 1179 601 145
0 1179 601 145
0 15 960 1094
0 15 960 159
0 15 2120 150
0 15 2120 150
0 15 2419 1155
0 15 2372 1720
0 15 802 150
0 15 802 150
0 15 1309 145
0 15 1309 1237
0 15 1309 145
0 15 3514 1782
0 1184 2420 1198
0 1184 2420 1255
0 1184 3619 1191
0 1184 357 259
0 1184 1636 1147
0 249 2858 250
0 250 2858 249
0 16 213 47
0 16 213 47
0 253 2422 241
0 253 3530 171
0 253 3530 194
0 253 3530 879
0 253 3530 172
0 253 3530 217
0 253 3530 1001
0 253 3530 1010
0 253 2545 206
0 253 1907 259
0 253 1907 294
0 253 750 879
0 253 750 294
0 253 2704 220
0 253 2704 237
0 253 2704 241
0 253 2704 294
0 253 2704 307
0 253 2704 719
0 253 1299 218
0 253 1299 206
0 253 1299 237
0 253 1299 1010
0 255 3793 258
0 255 3793 275
0 255 3793 280
0 255 1838 155
0 255 1838 256
0 255 1838 280
0 255 3896 280
0 256 8 310
0 256 2846 218
0 256 2846 206
0 256 2846 275
0 256 2846 276
0 256 2846 279
0 256 2846 1001
0 256 1838 155
0 256 1838 255
0 256 1838 280
0 256 3345 257
0 256 3345 275
0 257 766 879
0 257 766 227
0 257 2625 275
0 257 262 302
0 257 3720 1007
0 257 3720 175
0 257 3720 179
0 257 3720 993
0 257 3720 1005
0 257 3368 1094
0 257 1488 205
0 257 1488 280
0 257 3345 256
0 257 3345 275
0 257 3787 222
0 257 3787 275
0 257 3664 178
0 257 3664 259
0 257 3664 179
0 257 3170 478
0 257 3170 1203
0 257 3170 1191
0 257 3170 275
0 258 3793 255
0 258 3793 275
0 258 3793 280
0 259 3279 302
0 259 2415 205
0 259 2415 276
0 259 357 1184
0 259 3664 178
0 259 3664 257
0 259 3664 179
0 259 1907 253
0 259 1907 294
0 259 2850 212
0 261 3477 1144
0 261 3477 1176
0 1189 164 1775
0 1189 3766 1113
0 1189 3766 1145
0 1189 3815 1775
0 1189 2755 1156
0 1189 2755 1145
0 1189 2755 1191
0 1189 2834 1775
0 1190 201 1782
0 1190 1719 1166
0 1190 1719 1741
0 1190 1719 1784
0 1191 1039 1029
0 1191 1039 301
0 1191 846 1113
0 1191 846 1023
0 1191 846 1225
0 1191 3619 1184
0 1191 3292 1057
0 1191 3292 1166
0 1191 2755 1156
0 1191 2755 1145
0 1191 2755 1189
0 1191 3170 478
0 1191 3170 1203
0 1191 3170 257
0 1191 3170 275
0 1194 2293 1094
0 1194 2293 1030
0 1194 2427 1136
0 1194 2274 22
0 1194 2274 145
0 1194 2274 22
0 1194 2274 145
0 1194 757 1202
0 1194 757 1214
0 19 271 1002
0 1198 458 1784
0 1198 1527 30
0 1198 1527 1232
0 1198 1527 30
0 1198 2420 1184
0 1198 2420 1255
0 1198 3380 1020
0 266 3177 1100
0 266 3177 1245
0 266 3177 749
0 1200 4 10
0 1200 4 1720
0 1200 4 10
0 22 706 1748
0 22 706 1760
0 22 706 1793
0 22 2274 145
0 22 2274 1194
0 22 2274 145
0 22 3464 1018
0 22 3464 1023
0 22 3464 1222
0 1202 337 1145
0 1202 3262 1155
0 1202 3262 1509
0 1202 2487 1065
0 1202 757 1194
0 1202 757 1214
0 1202 3205 1156
0 1202 3205 1061
0 1202 1873 1714
0 1202 1873 1029
0 1206 91 1714
0 270 65 478
0 1208 2819 1176
0 1209 640 1092
0 1209 640 1238
0 1209 1250 1708
0 1209 3480 143
0 1209 3480 1702
0 1209 3480 1041
0 1209 3480 1145
0 1209 3480 143
0 1209 3471 1203
0 1210 555 1705
0 1210 2964 1047
0 272 3193 637
0 273 2734 191
0 1214 3805 1147
0 1214 3385 1040
0 1214 3385 1217
0 1214 757 1194
0 1214 757 1202
0 1214 682 1113
0 1214 682 1147
0 275 3793 255
0 275 3793 258
0 275 3793 280
0 275 3787 222
0 275 3787 257
0 275 2625 257
0 275 3345 256
0 275 3345 257
0 275 3386 478
0 275 1868 218
0 275 1868 217
0 275 1868 280
0 275 3103 189
0 275 3103 216
0 275 1900 1030
0 275 1900 1741
0 275 2846 218
0 275 2846 206
0 275 2846 256
0 275 2846 276
0 275 2846 279
0 275 2846 1001
0 275 3170 478
0 275 3170 1203
0 275 3170 257
0 275 3170 1191
0 275 1980 327
0 276 1107 279
0 276 2415 205
0 276 2415 259
0 276 1201 145
0 276 1201 279
0 276 1201 310
0 276 1201 145
0 276 2846 218
0 276 2846 206
0 276 2846 256
0 276 2846 275
0 276 2846 279
0 276 2846 1001
0 1215 1391 1022
0 1216 2936 1161
0 1216 50 1161
0 1217 1850 1232
0 1217 3385 1040
0 1217 3385 1214
0 1218 1876 124
0 1218 1876 124
0 277 1544 514
0 278 1273 236
0 279 1201 145
0 279 1201 276
0 279 1201 310
0 279 1201 145
0 279 1107 276
0 279 2464 879
0 279 2464 206
0 279 2464 310
0 279 2464 719
0 279 2846 218
0 279 2846 206
0 279 2846 256
0 279 2846 275
0 279 2846 276
0 279 2846 1001
0 280 1838 155
0 280 1838 255
0 280 1838 256
0 280 1380 167
0 280 1380 998
0 280 1488 205
0 280 1488 257
0 280 3896 255
0 280 1573 302
0 280 3793 255
0 280 3793 258
0 280 3793 275
0 280 1868 218
0 280 1868 217
0 280 1868 275
0 281 3962 235
0 282 2323 1358
0 283 1588 152
0 1222 2869 1084
0 1222 2869 1782
0 1222 3464 22
0 1222 3464 1018
0 1222 3464 1023
0 1222 3464 22
0 1222 1499 1057
0 1222 3497 1071
0 284 1399 491
0 285 1472 216
0 285 1472 691
0 285 203 370
0 285 203 1739
0 285 2364 1343
0 1225 196 1782
0 1225 534 1090
0 1225 534 478
0 1225 534 1782
0 1225 846 1113
0 1225 846 1023
0 1225 846 1191
0 1225 3570 1722
0 1225 3570 1130
0 1225 699 1782
0 1225 591 1127
0 290 3231 3
0 290 3231 3
0 1227 1338 1447
0 1227 1338 1733
0 294 1907 253
0 294 1907 259
0 294 2704 220
0 294 2704 237
0 294 2704 241
0 294 2704 253
0 294 2704 307
0 294 2704 719
0 294 750 879
0 294 750 253
0 294 951 992
0 294 3075 195
0 1232 2048 1782
0 1232 1527 30
0 1232 1527 1198
0 1232 1527 30
0 1232 1850 1217
0 298 418 992
0 298 418 222
0 28 770 1479
0 28 3095 801
0 29 306 140
0 29 306 140
0 29 2521 140
0 29 2521 140
0 1236 1028 103
0 1236 1028 103
0 1237 185 1715
0 1237 185 1030
0 1237 1309 15
0 1237 1309 145
0 1237 1309 15
0 1237 1309 145
0 1237 1599 1020
0 1237 1599 1127
0 1238 3111 1709
0 1238 3111 1147
0 1238 640 1092
0 1238 640 1209
0 1238 1923 1357
0 1238 1923 1766
0 301 539 1094
0 301 539 1239
0 301 192 1001
0 301 1039 1029
0 301 1039 1191
0 30 1830 1043
0 30 2082 1793
0 30 3195 1084
0 30 1527 1198
0 30 1527 1232
0 1239 660 992
0 1239 660 730
0 1239 539 1094
0 1239 539 301
0 1240 219 1133
0 302 3279 259
0 302 262 257
0 302 1573 280
0 1243 858 1172
0 1245 3177 1100
0 1245 3177 266
0 1245 3177 749
0 307 3042 220
0 307 2704 220
0 307 2704 237
0 307 2704 241
0 307 2704 253
0 307 2704 294
0 307 2704 719
0 307 924 154
0 307 924 171
0 307 924 172
0 307 924 206
0 307 924 228
0 307 924 719
0 307 924 1001
0 307 924 1010
0 310 1201 145
0 310 1201 276
0 310 1201 279
0 310 1201 145
0 310 2464 879
0 310 2464 206
0 310 2464 279
0 310 2464 719
0 310 8 256
0 312 901 1479
0 313 2318 495
0 1252 480 44
0 1252 480 44
0 1252 2938 1706
0 320 2122 175
0 1255 2420 1184
0 1255 2420 1198
0 1255 2246 1787
0 1255 2433 1735
0 1255 3715 1787
0 1255 3254 1793
0 1259 3637 1154
0 327 1980 275
0 179 3316 20
0 179 3316 20
0 179 3664 178
0 179 3664 257
0 179 3664 259
0 179 3720 1007
0 179 3720 175
0 179 3720 257
0 179 3720 993
0 179 3720 1005
0 1263 855 1273
0 1268 263 1619
0 41 334 1479
0 1271 1743 1300
0 1272 2912 661
0 1273 2753 1577
0 1273 855 1263
0 1274 2052 1551
0 1274 1507 1577
0 1274 1905 666
0 337 321 1629
0 1277 3374 1673
0 1282 786 1591
0 1282 1209 850
0 1282 522 1284
0 1284 522 1282
0 1285 1214 1581
0 1285 760 1581
0 1285 315 1576
0 1285 315 1659
0 1285 315 1667
0 350 1986 361
0 350 1986 362
0 1288 894 1312
0 304 2793 662
0 358 3660 712
0 1293 2799 1832
0 360 927 1297
0 360 927 1348
0 360 927 1390
0 360 927 1391
0 361 1986 350
0 361 1986 362
0 1295 1962 1063
0 1295 3261 1063
0 1295 3261 1420
0 362 1986 350
0 362 1986 361
0 1296 296 1316
0 1297 927 360
0 1297 927 1348
0 1297 927 1390
0 1297 927 1391
0 44 480 1252
0 370 203 285
0 370 203 1739
0 1300 1743 1271
0 1301 1431 1698
0 380 3225 200
0 382 3855 494
0 382 3855 769
0 383 2803 166
0 1302 1081 1480
0 1302 3306 1735
0 1302 997 1117
0 1303 152 1315
0 1303 1659 1477
0 46 426 55
0 46 426 55
0 1310 3300 604
0 47 1737 110
0 47 1737 110
0 47 213 16
0 47 213 16
0 1312 894 1288
0 1313 1989 807
0 1313 387 807
0 396 1820 401
0 401 1820 396
0 1316 1705 1721
0 1316 3088 1721
0 1316 296 1296
0 49 732 60
0 49 732 60
0 49 1988 60
0 49 1988 60
0 49 1983 60
0 49 1983 60
0 1320 3610 1090
0 1320 2087 1704
0 1320 2087 1762
0 1320 1049 1029
0 1320 3844 1113
0 386 229 104
0 386 229 104
0 1323 266 1397
0 1323 266 1640
0 423 2454 245
0 435 2397 1067
0 1341 3369 1442
0 1343 2364 285
0 1348 927 360
0 1348 927 1297
0 1348 927 1390
0 1348 927 1391
0 1351 217 1513
0 335 543 352
0 1357 1923 1238
0 1357 1923 1766
0 1357 831 1030
0 1357 1542 1780
0 1358 2323 282
0 464 2438 852
0 55 426 46
0 55 426 46
0 473 644 162
0 474 1940 768
0 474 2093 768
0 476 1973 877
0 58 3357 1985
0 58 3468 1985
0 60 732 49
0 60 732 49
0 60 1988 49
0 60 1988 49
0 60 1983 49
0 60 1983 49
0 486 3362 879
0 486 1360 154
0 486 1360 206
0 61 2535 801
0 61 1295 103
0 61 1295 103
0 61 2267 103
0 61 2267 103
0 489 1717 99
0 489 1717 99
0 1315 152 1303
0 491 765 1106
0 491 1399 284
0 343 667 1010
0 1363 293 481
0 1363 94 481
0 1363 94 803
0 494 3855 382
0 494 3855 769
0 63 755 807
0 514 1544 277
0 518 1286 1003
0 1387 3068 1742
0 1390 927 360
0 1390 927 1297
0 1390 927 1348
0 1390 927 1391
0 1391 927 360
0 1391 927 1297
0 1391 927 1348
0 1391 927 1390
0 1397 266 1323
0 1397 266 1640
0 539 2801 699
0 548 3351 582
0 1420 3261 1063
0 1420 3261 1295
0 1433 300 1098
0 1433 2284 1098
0 1436 3217 1708
0 1436 3217 1783
0 1436 3272 1704
0 1436 1093 1069
0 1436 2434 1044
0 481 94 1363
0 481 94 803
0 481 293 1363
0 481 1119 803
0 481 2699 803
0 481 2913 803
0 1442 3369 1341
0 582 3351 548
0 583 3352 817
0 1447 1338 1227
0 1447 1338 1733
0 1447 3501 1032
0 1437 3600 1891
0 595 2987 718
0 604 3300 1310
0 637 3193 272
0 1467 2708 108
0 1467 2708 108
0 639 892 890
0 646 3617 998
0 650 1358 106
0 650 1358 106
0 88 430 1952
0 88 674 1952
0 88 674 1602
0 88 2024 1952
0 88 2024 1602
0 88 3082 1952
0 88 3082 1602
0 1477 1659 1303
0 661 2688 1555
0 661 2912 1272
0 1480 1081 1302
0 662 2793 304
0 1481 2667 1698
0 666 1905 1274
0 672 727 93
0 672 727 93
0 234 444 154
0 234 444 217
0 1500 2186 1756
0 1500 1545 1018
0 92 861 108
0 92 861 108
0 93 727 672
0 691 1472 216
0 691 1472 285
0 1509 3262 1155
0 1509 3262 1202
0 698 990 706
0 699 2801 539
0 702 1532 832
0 96 3723 740
0 96 2441 484
0 706 990 698
0 1513 217 1351
0 99 1717 489
0 718 2987 595
0 719 2464 879
0 719 2464 206
0 719 2464 279
0 719 2464 310
0 719 2704 220
0 719 2704 237
0 719 2704 241
0 719 2704 253
0 719 2704 294
0 719 2704 307
0 719 924 154
0 719 924 171
0 719 924 172
0 719 924 206
0 719 924 228
0 719 924 307
0 719 924 1001
0 719 924 1010
0 724 303 158
0 1523 1078 1642
0 1524 515 1044
0 1524 3330 1770
0 730 660 992
0 730 660 1239
0 103 1295 61
0 103 1295 61
0 103 1028 1236
0 103 2267 61
0 103 2267 61
0 1527 2961 1759
0 1527 1704 1148
0 1527 1704 1741
0 1527 1704 1780
0 740 3723 96
0 740 3723 96
0 106 1358 650
0 749 3177 1100
0 749 3177 266
0 749 3177 1245
0 108 861 92
0 108 861 92
0 108 2708 1467
0 1551 2052 1274
0 768 2093 474
0 768 1940 474
0 769 3855 382
0 769 3855 494
0 1555 2688 661
0 774 295 1101
0 1576 315 1285
0 1576 315 1659
0 1576 315 1667
0 1577 2753 1273
0 1577 1507 1274
0 801 2185 6
0 801 2185 6
0 801 2535 61
0 801 2535 61
0 801 3095 28
0 801 3095 28
0 803 2913 481
0 803 1119 481
0 803 94 1363
0 803 94 481
0 803 2699 481
0 1581 1214 1285
0 1581 760 1285
0 807 755 63
0 807 755 63
0 807 387 1313
0 807 1989 1313
0 1589 2485 1137
0 1591 786 1282
0 817 3352 583
0 818 2713 870
0 818 2754 870
0 818 3023 870
0 104 229 386
0 712 3660 358
0 832 1532 702
0 1602 1903 1952
0 1602 674 88
0 1602 674 1952
0 1602 674 88
0 1602 3082 88
0 1602 3082 1952
0 1602 3082 88
0 1602 2024 88
0 1602 2024 1952
0 1602 2024 88
0 1619 263 1268
0 850 1209 1282
0 852 2438 464
0 124 1876 1218
0 110 1737 47
0 110 1737 47
0 862 1543 979
0 1629 321 337
0 869 2426 1112
0 870 2713 818
0 870 2754 818
0 870 3023 818
0 1640 266 1323
0 1640 266 1397
0 877 1973 476
0 1642 1078 1523
0 892 2394 213
0 352 543 335
0 1659 315 1285
0 1659 315 1576
0 1659 315 1667
0 890 892 639
0 1667 315 1285
0 1667 315 1576
0 1667 315 1659
0 1673 3374 1277
0 1695 3378 962
0 1698 2667 1481
0 1698 1431 1301
0 962 3378 1695
0 140 38 9
0 140 38 9
0 140 306 29
0 140 306 29
0 140 2521 29
0 140 2521 29
0 1706 2938 1252
0 1708 3162 1716
0 1708 1250 1209
0 1708 3217 1436
0 1708 3217 1783
0 1708 678 1018
0 977 3014 981
0 143 3480 1702
0 143 3480 1041
0 143 3480 1145
0 143 3480 1209
0 1724 3828 1748
0 1724 1313 1156
0 1724 1313 1065
0 1724 1313 1174
0 981 3014 977
0 1727 1052 1702
0 1727 1052 1751
0 1733 1338 1227
0 1733 1338 1447
0 1734 2599 1043
0 1734 2599 1052
0 1734 2599 1073
0 1735 2433 1255
0 1735 3306 1302
0 1738 1651 1140
0 1739 1116 1722
0 1739 1116 1130
0 1739 203 285
0 1739 203 370
0 1740 1363 1104
0 1741 1719 1166
0 1741 1719 1190
0 1741 1719 1784
0 1741 1900 1030
0 1741 1900 275
0 1741 1704 1148
0 1741 1704 1527
0 1741 1704 1780
0 1742 3068 1387
0 990 1271 1152
0 1743 645 1021
0 1743 1225 167
0 1743 1225 998
0 1743 694 1173
0 1743 3758 1760
0 1747 2798 1065
0 1748 706 22
0 1748 706 22
0 1748 706 1760
0 1748 706 1793
0 1748 1070 1147
0 1748 3828 1724
0 1748 3538 1751
0 144 1559 245
0 993 1893 213
0 993 3720 1007
0 993 3720 175
0 993 3720 257
0 993 3720 179
0 993 3720 1005
0 1751 582 1130
0 1751 3538 1748
0 1751 1052 1702
0 1751 1052 1727
0 994 280 147
0 994 280 147
0 994 2040 147
0 994 2040 147
0 1753 2145 1178
0 1753 2448 1755
0 1755 2448 1753
0 1756 2186 1500
0 996 1318 10
0 996 1318 10
0 996 301 10
0 996 301 10
0 996 2867 10
0 996 2867 10
0 145 258 150
0 145 258 1155
0 145 258 150
0 145 1309 15
0 145 1309 15
0 145 1309 1237
0 145 3074 1702
0 145 601 1179
0 145 2274 22
0 145 2274 1194
0 145 2274 22
0 145 1201 276
0 145 1201 279
0 145 1201 310
0 145 2166 1029
0 145 2166 1174
0 145 527 1030
0 145 1798 1084
0 1758 2049 235
0 998 3617 646
0 998 3360 167
0 998 1380 167
0 998 1380 280
0 998 1225 167
0 998 1225 1743
0 1759 1194 1041
0 1759 2961 1527
0 1759 3038 1716
0 1760 706 22
0 1760 706 22
0 1760 706 1748
0 1760 706 1793
0 1760 3758 1743
0 1760 1083 1193
0 1762 2087 1704
0 1762 2087 1320
0 1763 3540 1140
0 1763 3556 1136
0 1001 1374 154
0 1001 1374 171
0 1001 2846 218
0 1001 2846 206
0 1001 2846 256
0 1001 2846 275
0 1001 2846 276
0 1001 2846 279
0 1001 192 301
0 1001 3530 171
0 1001 3530 194
0 1001 3530 879
0 1001 3530 172
0 1001 3530 217
0 1001 3530 253
0 1001 3530 1010
0 1001 924 154
0 1001 924 171
0 1001 924 172
0 1001 924 206
0 1001 924 228
0 1001 924 307
0 1001 924 719
0 1001 924 1010
0 1766 1923 1238
0 1766 1923 1357
0 146 3427 1121
0 146 2108 1721
0 147 280 994
0 147 2040 994
0 1002 271 19
0 1002 271 19
0 1003 1286 518
0 1770 3330 1524
0 1004 396 484
0 1005 2150 20
0 1005 2150 20
0 1005 3720 1007
0 1005 3720 175
0 1005 3720 257
0 1005 3720 179
0 1005 3720 993
0 1775 2834 1189
0 1775 3815 1189
0 1775 164 1189
0 1006 317 1093
0 1006 1296 1041
0 1780 3879 1148
0 1780 1704 1148
0 1780 1704 1527
0 1780 1704 1741
0 1780 3037 1148
0 1780 1542 1357
0 1780 139 1148
0 1781 1515 1067
0 1782 3198 1023
0 1782 196 1225
0 1782 2048 1232
0 1782 2869 1084
0 1782 2869 1222
0 1782 2047 1088
0 1782 699 1225
0 1782 3514 15
0 1782 3514 15
0 1782 534 1090
0 1782 534 478
0 1782 534 1225
0 1782 201 1190
0 1783 2854 1193
0 1783 3217 1436
0 1783 3217 1708
0 1783 1902 1021
0 1784 1719 1166
0 1784 1719 1190
0 1784 1719 1741
0 1784 2572 1094
0 1784 2106 1020
0 1784 458 1198
0 1784 2477 1715
0 1784 2477 1076
0 1784 2477 1793
0 1787 3715 1255
0 1787 2246 1255
0 150 258 145
0 150 258 1155
0 150 258 145
0 150 2120 15
0 150 2120 15
0 150 802 15
0 150 802 15
0 1793 3507 1076
0 1793 706 22
0 1793 706 22
0 1793 706 1748
0 1793 706 1760
0 1793 2477 1715
0 1793 2477 1076
0 1793 2477 1784
0 1793 2082 30
0 1793 2082 30
0 1793 3254 1255
0 1010 1299 218
0 1010 1299 206
0 1010 1299 237
0 1010 1299 253
0 1010 3443 879
0 1010 3443 172
0 1010 667 343
0 1010 3530 171
0 1010 3530 194
0 1010 3530 879
0 1010 3530 172
0 1010 3530 217
0 1010 3530 253
0 1010 3530 1001
0 1010 924 154
0 1010 924 171
0 1010 924 172
0 1010 924 206
0 1010 924 228
0 1010 924 307
0 1010 924 719
0 1010 924 1001
0 1010 3782 154
0 1010 3782 171
0 1010 3782 172
0 1010 3782 228
0 1010 3782 241
1 1992 5102 2070
1 1992 5102 2070
1 1992 4113 2057
1 1992 4113 2057
1 1997 1900 257
1 1997 2900 1209
1 1999 4677 2881
1 20 1502 1259
1 20 2150 1005
1 15 4586 2449
1 15 4586 2508
1 15 4718 1232
1 15 3540 1751
1 15 497 22
1 15 497 2473
1 15 497 1156
1 15 497 22
1 15 960 2490
1 15 2846 1001
1 15 2846 2490
1 15 2846 276
1 15 2846 256
1 15 41 1724
1 15 1850 2490
1 15 1850 1217
1 2914 5709 2510
1 2914 4478 2116
1 2914 4783 2116
1 2006 493 176
1 145 1201 276
1 145 2487 2742
1 3020 5713 2611
1 10 3730 2513
1 10 3730 1705
1 10 3730 2583
1 30 1830 2432
1 30 20 2042
1 30 20 1237
1 30 20 2042
1 30 1570 2529
1 30 1381 2903
1 22 3464 2540
1 22 59 2490
1 22 59 1217
1 22 5315 2563
1 22 5315 2569
1 22 3631 1113
1 22 3631 1047
1 22 497 15
1 22 497 2473
1 22 497 1156
1 22 497 15
1 22 699 1018
1 22 699 1155
1 22 699 2148
1 22 3471 2569
1 103 4710 2044
1 103 4710 2044
1 4 5355 2041
1 4 5355 2041
1 12 3710 147
1 12 3710 147
1 2018 3444 1816
1 2018 3444 1816
1 2926 3083 1577
1 25 163 2112
1 35 3432 2082
1 2026 5233 2293
1 2026 4129 2965
1 2027 4746 2397
1 3022 5002 2556
1 1816 3444 2018
1 1816 3444 2018
1 88 2024 1952
1 88 2024 1602
1 88 709 1602
1 88 4322 2735
1 88 3082 1602
1 88 4578 1602
1 2032 5488 2793
1 71 814 2217
1 2037 229 386
1 2037 229 2398
1 2040 5155 2051
1 2040 5155 2051
1 2041 5355 4
1 2041 5355 4
1 2042 20 30
1 2042 20 1237
1 2042 3062 1237
1 2044 4710 103
1 2044 4710 103
1 2045 4202 2192
1 2045 2814 1462
1 2045 4954 2731
1 2965 4129 2026
1 2965 4129 2026
1 2051 5155 2040
1 2051 5155 2040
1 3030 5630 2199
1 3031 3517 2060
1 3031 3517 2060
1 3031 3517 2836
1 3031 3992 2060
1 3031 3992 2060
1 1952 2024 88
1 1952 2024 1602
1 1952 2024 88
1 2057 4113 1992
1 2057 4113 1992
1 2060 3992 3031
1 2060 3517 3031
1 2060 3517 2836
1 1963 3737 3006
1 3006 3737 1963
1 1996 5489 2106
1 147 3710 12
1 147 3710 12
1 147 280 994
1 147 2040 994
1 3032 5574 2326
1 2070 5102 1992
1 2070 5102 1992
1 2471 3221 1717
1 2471 3221 2477
1 2471 3439 2438
1 2471 1606 2540
1 2471 1606 1194
1 2471 2079 1145
1 1717 1746 2444
1 1717 1746 1179
1 1717 3221 2471
1 1717 3221 2477
1 2453 3597 2527
1 2071 3249 2238
1 2071 1190 2238
1 1992 5102 2070
1 1992 5102 2070
1 1992 4113 2057
1 1992 4113 2057
1 1023 1517 1113
1 1023 5268 2540
1 1023 1221 1232
1 1023 1221 2490
1 1023 1221 2566
1 1023 3198 2506
1 1023 846 1113
1 1023 846 1191
1 2432 5436 2589
1 2432 1830 30
1 2432 419 1043
1 2436 3177 1245
1 2436 3177 2110
1 2436 3177 1100
1 2436 3177 266
1 2436 3177 2764
1 2438 3439 2471
1 2438 3364 1076
1 2438 3364 2742
1 2438 1511 1147
1 2438 5434 2555
1 2438 2481 1715
1 2440 5148 2170
1 2444 4919 2711
1 2444 1746 1717
1 2444 1746 1179
1 2445 1545 1018
1 2447 5477 227
1 2447 4252 2482
1 2447 4252 227
1 2076 1731 310
1 2076 3793 1088
1 2449 3103 275
1 2449 1499 2584
1 2449 66 1357
1 2449 4586 15
1 2449 4586 15
1 2449 4586 2508
1 2452 4434 2462
1 1001 3782 154
1 1001 3782 1217
1 1001 3782 228
1 1001 3782 241
1 1001 3782 172
1 1001 2846 15
1 1001 2846 2490
1 1001 2846 15
1 1001 2846 276
1 1001 2846 256
1 1001 924 2080
1 1001 924 2097
1 1001 924 2131
1 1001 1360 307
1 1001 3530 2080
1 1001 3530 2097
1 1001 3530 217
1 1001 3530 486
1 1001 3530 172
1 1001 3530 2275
1 1295 1962 1063
1 2080 3530 1001
1 2080 3530 2097
1 2080 3530 217
1 2080 3530 486
1 2080 3530 172
1 2080 3530 2275
1 2080 4554 2097
1 2080 4554 2099
1 2080 4554 2120
1 2080 4554 275
1 2080 4554 217
1 2080 924 1001
1 2080 924 2097
1 2080 924 2131
1 2461 2872 2509
1 2462 4434 2452
1 2462 3613 2493
1 191 2301 154
1 191 2301 172
1 191 3470 2142
1 191 3470 241
1 191 3470 2159
1 191 2734 273
1 191 2734 1243
1 1117 2934 2631
1 2466 1116 2321
1 2082 3432 35
1 2082 3432 35
1 2468 4621 1316
1 2468 4866 2756
1 1793 5319 2473
1 1793 2082 1113
1 1793 2082 1145
1 1793 2082 2684
1 1793 2082 2751
1 1793 4122 1179
1 1793 4122 1738
1 2472 139 2589
1 2473 5319 1793
1 2473 497 15
1 2473 497 22
1 2473 497 1156
1 2473 497 15
1 2473 497 22
1 1179 2599 2511
1 1179 4122 1793
1 1179 4122 1738
1 1179 4390 1190
1 1179 2956 1190
1 1179 1746 1717
1 1179 1746 2444
1 2475 3400 2495
1 2475 818 2540
1 1189 601 2509
1 1189 909 2558
1 2477 2503 2589
1 2477 5508 2506
1 2477 3221 2471
1 2477 3221 1717
1 2477 3726 2901
1 1997 1900 257
1 1997 2900 1209
1 1999 4677 2881
1 2479 1437 2636
1 2480 1816 2903
1 2480 1819 2148
1 2480 4218 1317
1 2480 4218 2908
1 2482 2260 2506
1 2482 2260 1193
1 2482 4252 2447
1 2482 4252 227
1 233 1210 2175
1 2086 3042 2097
1 2086 3042 307
1 2086 240 310
1 2484 2026 2540
1 2484 1630 2678
1 2484 4391 2737
1 2484 4391 2897
1 1137 2485 1589
1 2487 2905 2791
1 2487 2905 2792
1 2087 2077 1002
1 2088 3939 2123
1 2088 3939 265
1 2088 5041 2105
1 2088 5156 2105
1 2088 2849 2123
1 1052 3096 2596
1 2489 2854 2490
1 154 3289 172
1 154 1157 172
1 154 444 2131
1 154 444 217
1 154 3782 1001
1 154 3782 1217
1 154 3782 228
1 154 3782 241
1 154 3782 172
1 154 2301 191
1 154 2301 172
1 1225 591 2540
1 1225 443 2684
1 1225 443 2742
1 1156 3205 1202
1 1156 497 15
1 1156 497 22
1 1156 497 2473
1 1156 497 15
1 1156 497 22
1 1156 1313 1738
1 1156 208 2148
1 1156 2346 2711
1 1232 4718 15
1 1232 4718 15
1 1232 3466 2563
1 1232 1221 1023
1 1232 1221 2490
1 1232 1221 2566
1 1232 234 1194
1 1232 2166 1217
1 2490 960 15
1 2490 960 15
1 2490 2846 15
1 2490 2846 1001
1 2490 2846 15
1 2490 2846 276
1 2490 2846 256
1 2490 2854 2489
1 2490 5001 1094
1 2490 59 22
1 2490 59 1217
1 2490 59 22
1 2490 1850 15
1 2490 1850 15
1 2490 1850 1217
1 2490 1221 1023
1 2490 1221 1232
1 2490 1221 2566
1 2490 5235 1094
1 20 1502 1259
1 20 2150 1005
1 1094 2371 1237
1 1094 2371 2501
1 1094 2371 2563
1 1094 2371 2742
1 1094 2371 2751
1 1094 5235 2490
1 1094 5001 2490
1 15 4586 2449
1 15 4586 2508
1 15 4718 1232
1 15 3540 1751
1 15 497 22
1 15 497 2473
1 15 497 1156
1 15 497 22
1 15 960 2490
1 15 2846 1001
1 15 2846 2490
1 15 2846 276
1 15 2846 256
1 15 41 1724
1 15 1850 2490
1 15 1850 1217
1 1237 20 30
1 1237 20 2042
1 1237 20 2042
1 1237 2371 1094
1 1237 2371 2501
1 1237 2371 2563
1 1237 2371 2742
1 1237 2371 2751
1 1237 3610 2585
1 1237 3062 2042
1 1237 3062 2042
1 1237 3722 2777
1 1217 1850 15
1 1217 1850 2490
1 1217 1850 15
1 1217 2166 1232
1 1217 395 2119
1 1217 395 2170
1 1217 3401 2587
1 1217 3782 1001
1 1217 3782 154
1 1217 3782 228
1 1217 3782 241
1 1217 3782 172
1 1217 59 22
1 1217 59 2490
1 1217 59 22
1 1005 2150 20
1 1005 2150 20
1 1005 916 2596
1 2493 3170 478
1 2493 3170 275
1 2493 3170 1191
1 2493 3170 1007
1 2493 3613 2462
1 2495 3400 2475
1 2496 1131 1738
1 2496 2869 2584
1 2496 4495 2589
1 2499 925 1172
1 2499 805 2546
1 2501 3207 2509
1 2501 640 2511
1 2501 2371 1094
1 2501 2371 1237
1 2501 2371 2563
1 2501 2371 2742
1 2501 2371 2751
1 1715 2481 2438
1 1715 1871 1076
1 2506 5508 2477
1 2506 3198 1023
1 2506 2260 2482
1 2506 2260 1193
1 2095 1799 259
1 1245 3177 2436
1 1245 3177 2110
1 1245 3177 1100
1 1245 3177 266
1 1245 3177 2764
1 1022 3604 2634
1 2097 609 308
1 2097 3042 2086
1 2097 3042 307
1 2097 2063 2366
1 2097 2704 241
1 2097 2704 307
1 2097 924 1001
1 2097 924 2080
1 2097 924 2131
1 2097 3530 1001
1 2097 3530 2080
1 2097 3530 217
1 2097 3530 486
1 2097 3530 172
1 2097 3530 2275
1 2097 4554 2080
1 2097 4554 2099
1 2097 4554 2120
1 2097 4554 275
1 2097 4554 217
1 1255 2420 1198
1 2508 3766 1088
1 2508 3766 1113
1 2508 3766 1155
1 2508 4586 15
1 2508 4586 2449
1 2508 4586 15
1 2509 601 1189
1 2509 3207 2501
1 2509 1738 1145
1 2509 2872 2461
1 2509 2834 2558
1 2099 1845 217
1 2099 2516 256
1 2099 557 2132
1 2099 3664 259
1 2099 3664 2250
1 2099 4554 2080
1 2099 4554 2097
1 2099 4554 2120
1 2099 4554 275
1 2099 4554 217
1 2510 5709 2914
1 1259 1502 20
1 1259 1502 20
1 2511 2599 1179
1 2511 640 2501
1 2511 3480 1209
1 2513 1187 1705
1 2513 2633 1705
1 2513 2633 2268
1 2513 5230 1210
1 2513 3730 10
1 2513 3730 1705
1 2513 3730 2583
1 228 2396 486
1 228 2396 2275
1 228 3782 1001
1 228 3782 154
1 228 3782 1217
1 228 3782 241
1 228 3782 172
1 1214 2493 1203
1 1214 299 2553
1 1214 299 2897
1 1214 3805 1147
1 1214 4762 2553
1 1214 4762 1191
1 1214 829 1147
1 1147 3805 1214
1 1147 1511 2438
1 1147 682 2553
1 1147 2577 1198
1 1147 829 1214
1 2516 4842 2585
1 2516 4842 2684
1 2516 4298 2596
1 2516 4298 2711
1 2516 4603 1738
1 2519 1383 1194
1 1063 1962 1295
1 2522 3572 1194
1 2522 3572 1210
1 1738 1313 1156
1 1738 1131 2496
1 1738 4603 2516
1 1738 4122 1793
1 1738 4122 1179
1 1209 2900 1997
1 1209 2900 1997
1 1209 3368 257
1 1209 3480 2511
1 1209 752 1155
1 2103 5162 2282
1 2527 3597 2453
1 2105 5041 2088
1 2105 3936 271
1 2105 4716 1002
1 2105 5156 2088
1 2106 5489 1996
1 2106 5489 1996
1 2106 142 2114
1 2006 493 176
1 227 4252 2447
1 227 4252 2482
1 227 5477 2447
1 2529 1570 30
1 2529 40 2794
1 2529 834 2569
1 2110 3177 2436
1 2110 3177 1245
1 2110 3177 1100
1 2110 3177 266
1 2110 3177 2764
1 1100 3177 2436
1 1100 3177 1245
1 1100 3177 2110
1 1100 3177 266
1 1100 3177 2764
1 1190 2956 1179
1 1190 4390 1179
1 1088 3766 2508
1 1088 3766 1113
1 1088 3766 1155
1 1088 3793 2076
1 1202 1873 1751
1 1202 3205 1156
1 257 3386 2111
1 257 3386 478
1 257 3368 1209
1 257 3658 2131
1 257 3658 275
1 257 1488 275
1 257 1900 1997
1 257 1900 1997
1 2111 3386 257
1 2111 3386 478
1 176 3213 994
1 176 493 2006
1 176 493 2006
1 478 3170 2493
1 478 3170 275
1 478 3170 1191
1 478 3170 1007
1 478 3386 257
1 478 3386 2111
1 2112 163 25
1 2112 163 25
1 2114 142 2106
1 2114 5053 740
1 2114 3989 326
1 1705 2684 1119
1 1705 2633 2513
1 1705 2633 2268
1 1705 1187 2513
1 1705 3730 10
1 1705 3730 2513
1 1705 3730 2583
1 1018 1545 2445
1 1018 699 22
1 1018 699 1155
1 1018 699 2148
1 1018 699 22
1 2116 4478 2914
1 2116 4783 2914
1 1113 3766 2508
1 1113 3766 1088
1 1113 3766 1155
1 1113 1517 1023
1 1113 846 1023
1 1113 846 1191
1 1113 2082 1793
1 1113 2082 1145
1 1113 2082 2684
1 1113 2082 2751
1 1113 3631 22
1 1113 3631 22
1 1113 3631 1047
1 1113 1155 1191
1 145 1201 276
1 145 2487 2742
1 2540 2026 2484
1 2540 5268 1023
1 2540 591 1225
1 2540 818 2475
1 2540 1606 2471
1 2540 1606 1194
1 2540 3464 22
1 2540 3464 22
1 2119 395 1217
1 2119 395 2170
1 2120 1838 2161
1 2120 1168 175
1 2120 4554 2080
1 2120 4554 2097
1 2120 4554 2099
1 2120 4554 275
1 2120 4554 217
1 2120 5379 259
1 273 439 2304
1 273 439 2384
1 273 2734 191
1 273 2734 1243
1 271 3936 2105
1 1172 925 2499
1 1751 582 2563
1 1751 1873 1202
1 1751 3158 2148
1 1751 3540 15
1 1751 3540 15
1 2123 2849 2088
1 2123 3939 2088
1 2123 3939 265
1 1243 2734 191
1 1243 2734 273
1 2125 5571 1196
1 2549 1132 2884
1 201 644 1215
1 344 3586 2397
1 2553 4762 1214
1 2553 4762 1191
1 2553 682 1147
1 2553 299 1214
1 2553 299 2897
1 2555 5434 2438
1 2556 5002 3022
1 2557 4331 2737
1 2557 8 256
1 2558 909 1189
1 2558 2834 2509
1 1119 2684 1705
1 2131 444 154
1 2131 444 217
1 2131 3658 257
1 2131 3658 275
1 2131 924 1001
1 2131 924 2080
1 2131 924 2097
1 2563 582 1751
1 2563 3466 1232
1 2563 2371 1094
1 2563 2371 1237
1 2563 2371 2501
1 2563 2371 2742
1 2563 2371 2751
1 2563 5315 22
1 2563 5315 2569
1 2563 5315 22
1 2132 185 2164
1 2132 557 2099
1 2566 1221 1023
1 2566 1221 1232
1 2566 1221 2490
1 1043 419 2432
1 265 3939 2088
1 265 3939 2123
1 1076 1871 1715
1 1076 3364 2438
1 1076 3364 2742
1 326 2603 2151
1 326 3989 2114
1 2569 4648 2148
1 2569 834 2529
1 2569 3471 22
1 2569 3471 22
1 2569 5315 22
1 2569 5315 2563
1 2569 5315 22
1 2141 2165 2397
1 2573 5691 2638
1 1155 699 22
1 1155 699 1018
1 1155 699 2148
1 1155 699 22
1 1155 752 1209
1 1155 3766 2508
1 1155 3766 1088
1 1155 3766 1113
1 2142 3470 191
1 2142 3470 241
1 2142 3470 2159
1 2582 831 2777
1 2583 3730 10
1 2583 3730 2513
1 2583 3730 1705
1 275 3345 256
1 275 3658 257
1 275 3658 2131
1 275 1488 257
1 275 3103 2449
1 275 3170 2493
1 275 3170 478
1 275 3170 1191
1 275 3170 1007
1 275 4554 2080
1 275 4554 2097
1 275 4554 2099
1 275 4554 2120
1 275 4554 217
1 275 1823 2777
1 2584 2869 2496
1 2584 1499 2449
1 2585 1651 2684
1 2585 3610 1237
1 2585 4842 2516
1 2585 4842 2684
1 2148 4648 2569
1 2148 208 1156
1 2148 1819 2480
1 2148 3158 1751
1 2148 699 22
1 2148 699 1018
1 2148 699 1155
1 2148 699 22
1 2587 3401 1217
1 2589 5436 2432
1 2589 4495 2496
1 2589 2503 2477
1 2589 139 2472
1 1193 2260 2482
1 1193 2260 2506
1 241 2704 2097
1 241 2704 307
1 241 3782 1001
1 241 3782 154
1 241 3782 1217
1 241 3782 228
1 241 3782 172
1 241 3470 191
1 241 3470 2142
1 241 3470 2159
1 2151 2603 326
1 1357 66 2449
1 213 3006 2670
1 217 1845 2099
1 217 444 154
1 217 444 2131
1 217 4554 2080
1 217 4554 2097
1 217 4554 2099
1 217 4554 2120
1 217 4554 275
1 217 3530 1001
1 217 3530 2080
1 217 3530 2097
1 217 3530 486
1 217 3530 172
1 217 3530 2275
1 2596 916 1005
1 2596 3096 1052
1 2596 4298 2516
1 2596 4298 2711
1 2599 4864 2623
1 2603 4166 2733
1 2156 774 322
1 2156 3551 322
1 2158 4455 2179
1 259 1799 2095
1 259 5379 2120
1 259 1907 307
1 259 3664 2099
1 259 3664 2250
1 1194 1383 2519
1 1194 3572 2522
1 1194 3572 1210
1 1194 1606 2471
1 1194 1606 2540
1 1194 234 1232
1 276 2846 15
1 276 2846 1001
1 276 2846 2490
1 276 2846 15
1 276 2846 256
1 276 1201 145
1 276 1201 145
1 256 2846 15
1 256 2846 1001
1 256 2846 2490
1 256 2846 15
1 256 2846 276
1 256 8 2557
1 256 2516 2099
1 256 3345 275
1 1145 2079 2471
1 1145 1738 2509
1 1145 2082 1793
1 1145 2082 1113
1 1145 2082 2684
1 1145 2082 2751
1 1203 2493 1214
1 1724 41 15
1 1724 41 15
1 2159 4471 2201
1 2159 4471 1007
1 2159 3470 191
1 2159 3470 2142
1 2159 3470 241
1 2159 290 222
1 2609 2936 2737
1 2611 5713 3020
1 2161 1838 2120
1 1603 5749 2638
1 1210 2964 1047
1 1210 4477 1047
1 1210 3107 203
1 1210 3572 2522
1 1210 3572 1194
1 1210 5230 2513
1 1210 3976 1047
1 1210 3611 1047
1 1317 4218 2480
1 1317 4218 2908
1 22 3464 2540
1 22 59 2490
1 22 59 1217
1 22 5315 2563
1 22 5315 2569
1 22 3631 1113
1 22 3631 1047
1 22 497 15
1 22 497 2473
1 22 497 1156
1 22 497 15
1 22 699 1018
1 22 699 1155
1 22 699 2148
1 22 3471 2569
1 103 4710 2044
1 103 4710 2044
1 486 3530 1001
1 486 3530 2080
1 486 3530 2097
1 486 3530 217
1 486 3530 172
1 486 3530 2275
1 486 2396 228
1 486 2396 2275
1 486 3443 172
1 486 5522 2173
1 486 4618 2173
1 486 3362 2173
1 414 715 2373
1 4 5355 2041
1 4 5355 2041
1 12 3710 147
1 12 3710 147
1 1047 2964 1210
1 1047 4477 1210
1 1047 3611 1210
1 1047 3976 1210
1 1047 1046 327
1 1047 1046 2381
1 1047 3631 22
1 1047 3631 1113
1 1047 3631 22
1 1047 963 371
1 1047 963 2268
1 2164 185 2132
1 2018 3444 1816
1 2018 3444 1816
1 310 1731 2076
1 310 240 2086
1 175 1168 2120
1 737 1199 2292
1 2623 4864 2599
1 1198 2577 1147
1 1198 2420 1255
1 307 3042 2086
1 307 3042 2097
1 307 1907 259
1 307 1360 1001
1 307 2704 2097
1 307 2704 241
1 1191 4762 1214
1 1191 4762 2553
1 1191 846 1023
1 1191 846 1113
1 1191 1155 1113
1 1191 3170 2493
1 1191 3170 478
1 1191 3170 275
1 1191 3170 1007
1 323 1646 514
1 25 163 2112
1 2169 5616 2862
1 327 1046 1047
1 327 1046 2381
1 308 609 2097
1 2631 2934 1117
1 2631 5117 2367
1 2170 5148 2440
1 2170 395 1217
1 2170 395 2119
1 300 3855 382
1 300 3855 2388
1 2173 5522 486
1 2173 4618 486
1 2173 3362 486
1 2175 1210 233
1 1002 2077 2087
1 1002 4716 2105
1 1273 855 2323
1 2179 4455 2158
1 2634 3604 1022
1 2634 4643 2638
1 2634 4643 1339
1 2634 1505 1240
1 2634 5610 1240
1 2634 4145 2346
1 2634 1092 2638
1 2634 1954 1240
1 2634 1445 1240
1 2634 2986 2638
1 2634 2986 1240
1 2634 4353 1240
1 2634 3233 2638
1 2634 3233 1240
1 2634 260 2638
1 2634 5213 2643
1 2634 5240 2643
1 2634 2496 2638
1 2634 2496 1240
1 1577 3083 2926
1 172 3782 1001
1 172 3782 154
1 172 3782 1217
1 172 3782 228
1 172 3782 241
1 172 2301 191
1 172 2301 154
1 172 1157 154
1 172 3289 154
1 172 3443 486
1 172 3530 1001
1 172 3530 2080
1 172 3530 2097
1 172 3530 217
1 172 3530 486
1 172 3530 2275
1 2636 1437 2479
1 2637 927 360
1 2637 927 1390
1 2638 260 2634
1 2638 2496 2634
1 2638 2496 1240
1 2638 26 1240
1 2638 2986 2634
1 2638 2986 1240
1 2638 998 1240
1 2638 3763 1240
1 2638 3039 1240
1 2638 5749 1603
1 2638 2465 1240
1 2638 3840 1240
1 2638 3826 1240
1 2638 5247 2643
1 2638 5271 1240
1 2638 4643 2634
1 2638 4643 1339
1 2638 5293 1240
1 2638 4499 2372
1 2638 4079 1240
1 2638 1065 1240
1 2638 2307 1240
1 2638 5691 2573
1 2638 4318 1240
1 2638 5169 1240
1 2638 3233 2634
1 2638 3233 1240
1 2638 3025 1240
1 2638 219 1240
1 2638 421 1240
1 2638 723 1240
1 2638 1092 2634
1 2638 969 1240
1 1602 2024 88
1 1602 2024 1952
1 1602 2024 88
1 1602 3082 88
1 1602 3082 88
1 1602 4578 88
1 1602 4578 88
1 1602 709 88
1 1602 709 88
1 2639 296 1316
1 2639 5278 2312
1 2643 5240 2634
1 2643 5247 2638
1 2643 5213 2634
1 2643 359 1240
1 203 3107 1210
1 203 4778 2304
1 1541 442 2820
1 1285 638 2287
1 1285 3212 2657
1 1285 3212 2887
1 1285 315 1659
1 1285 315 2879
1 2192 4202 2045
1 2192 4202 2045
1 371 963 1047
1 371 963 2268
1 2199 5630 3030
1 382 3855 300
1 382 3855 2388
1 2655 4574 2758
1 222 290 2159
1 35 3432 2082
1 2657 3212 1285
1 2657 3212 2887
1 386 229 2037
1 386 229 2037
1 386 229 2398
1 1589 2485 1137
1 1240 4353 2634
1 1240 723 2638
1 1240 5293 2638
1 1240 359 2643
1 1240 3233 2634
1 1240 3233 2638
1 1240 2307 2638
1 1240 4318 2638
1 1240 5169 2638
1 1240 1065 2638
1 1240 969 2638
1 1240 421 2638
1 1240 937 2668
1 1240 3025 2638
1 1240 2465 2638
1 1240 1445 2634
1 1240 3039 2638
1 1240 3763 2638
1 1240 2986 2634
1 1240 2986 2638
1 1240 2496 2634
1 1240 2496 2638
1 1240 998 2638
1 1240 219 2638
1 1240 3840 2638
1 1240 3826 2638
1 1240 26 2638
1 1240 5610 2634
1 1240 5271 2638
1 1240 1505 2634
1 1240 1954 2634
1 1240 4079 2638
1 2026 5233 2293
1 2026 4129 2965
1 266 3177 2436
1 266 3177 1245
1 266 3177 2110
1 266 3177 1100
1 266 3177 2764
1 2668 937 1240
1 2670 3006 213
1 2212 147 592
1 2678 1630 2484
1 1316 296 2639
1 1316 4621 2468
1 322 3551 2156
1 322 774 2156
1 2684 1651 2585
1 2684 4842 2516
1 2684 4842 2585
1 2684 2082 1793
1 2684 2082 1113
1 2684 2082 1145
1 2684 2082 2751
1 2684 443 1225
1 2684 443 2742
1 2217 814 71
1 2217 814 71
1 2027 4746 2397
1 671 4530 2250
1 319 2435 2713
1 1462 2814 2045
1 1462 2814 2045
1 1462 3984 2731
1 1499 5584 2288
1 2224 4880 2262
1 2224 5439 2262
1 2688 3419 2870
1 2654 4613 1689
1 1196 5571 2125
1 2692 4662 1581
1 1339 4643 2634
1 1339 4643 2638
1 1816 3444 2018
1 1816 3444 2018
1 2711 2346 1156
1 2711 4919 2444
1 2711 4298 2516
1 2711 4298 2596
1 2713 2435 319
1 2238 3249 2071
1 2238 1190 2071
1 514 1646 323
1 88 2024 1952
1 88 2024 1602
1 88 709 1602
1 88 4322 2735
1 88 3082 1602
1 88 4578 1602
1 865 1918 2406
1 2032 5488 2793
1 2244 2827 741
1 71 814 2217
1 393 5272 2284
1 2250 4530 671
1 2250 3664 2099
1 2250 3664 259
1 360 927 2637
1 360 927 1390
1 1659 315 1285
1 1659 315 2879
1 1581 4662 2692
1 2037 229 386
1 2037 229 2398
1 1689 4613 2654
1 2731 3984 1462
1 2731 4954 2045
1 2731 4954 2045
1 2733 4166 2603
1 2735 4322 88
1 2735 4322 88
1 2737 4391 2484
1 2737 4391 2897
1 2737 4331 2557
1 2737 2936 2609
1 2040 5155 2051
1 2040 5155 2051
1 2041 5355 4
1 2041 5355 4
1 2262 4880 2224
1 2262 5439 2224
1 2042 20 30
1 2042 20 1237
1 2042 3062 1237
1 2742 3364 2438
1 2742 3364 1076
1 2742 2487 145
1 2742 2487 145
1 2742 443 1225
1 2742 443 2684
1 2742 2371 1094
1 2742 2371 1237
1 2742 2371 2501
1 2742 2371 2563
1 2742 2371 2751
1 2268 963 1047
1 2268 963 371
1 2268 4647 2381
1 2268 2633 2513
1 2268 2633 1705
1 2044 4710 103
1 2044 4710 103
1 2275 2396 228
1 2275 2396 486
1 2275 3530 1001
1 2275 3530 2080
1 2275 3530 2097
1 2275 3530 217
1 2275 3530 486
1 2275 3530 172
1 2282 5162 2103
1 2045 4202 2192
1 2045 2814 1462
1 2045 4954 2731
1 2751 2082 1793
1 2751 2082 1113
1 2751 2082 1145
1 2751 2082 2684
1 2751 2371 1094
1 2751 2371 1237
1 2751 2371 2501
1 2751 2371 2563
1 2751 2371 2742
1 2756 4866 2468
1 2284 5272 393
1 2758 4574 2655
1 2287 638 1285
1 2764 2428 2774
1 2764 3177 2436
1 2764 3177 1245
1 2764 3177 2110
1 2764 3177 1100
1 2764 3177 266
1 2292 1199 737
1 2201 4471 2159
1 2201 4471 1007
1 2293 5233 2026
1 2293 5233 2026
1 2774 2428 2764
1 2777 831 2582
1 2777 1823 275
1 2777 3722 1237
1 2304 439 273
1 2304 439 2384
1 2304 3671 2381
1 2304 4778 203
1 1007 3170 2493
1 1007 3170 478
1 1007 3170 275
1 1007 3170 1191
1 1007 4471 2159
1 1007 4471 2201
1 2783 1442 2790
1 2312 5278 2639
1 2790 1442 2783
1 2791 2905 2487
1 2791 2905 2792
1 2792 2905 2487
1 2792 2905 2791
1 2793 5488 2032
1 2793 5488 2032
1 2794 40 2529
1 1692 488 2894
1 740 5053 2114
1 2321 1116 2466
1 2323 855 1273
1 2326 5574 3032
1 2051 5155 2040
1 2051 5155 2040
1 2546 805 2499
1 2327 5391 2356
1 2820 442 1541
1 2346 4145 2634
1 741 2827 2244
1 1215 644 201
1 2057 4113 1992
1 2057 4113 1992
1 2356 5391 2327
1 2060 3992 3031
1 2060 3517 3031
1 2060 3517 2836
1 2366 2063 2097
1 2845 515 2897
1 2367 5117 2631
1 2372 4499 2638
1 2373 715 414
1 2381 3671 2304
1 2381 1046 1047
1 2381 1046 327
1 2381 4647 2268
1 1390 927 2637
1 1390 927 360
1 2384 439 273
1 2384 439 2304
1 2388 3855 300
1 2388 3855 382
1 2862 5616 2169
1 2836 3517 3031
1 2836 3517 2060
1 2836 3517 2060
1 2870 3419 2688
1 2397 3586 344
1 2397 4746 2027
1 2397 4746 2027
1 2397 2165 2141
1 2406 1918 865
1 2879 315 1285
1 2879 315 1659
1 2881 4677 1999
1 2881 4677 1999
1 2884 1132 2549
1 2288 5584 1499
1 2887 3212 1285
1 2887 3212 2657
1 2398 229 2037
1 2398 229 386
1 2398 229 2037
1 592 147 2212
1 2894 488 1692
1 2897 299 1214
1 2897 299 2553
1 2897 4391 2484
1 2897 4391 2737
1 2897 515 2845
1 2898 5311 2899
1 2898 5311 2900
1 2899 5311 2898
1 2899 5311 2900
1 2900 5311 2898
1 2900 5311 2899
1 2901 3726 2477
1 2903 1381 30
1 2903 1816 2480
1 994 280 147
1 994 280 147
1 994 3213 176
1 994 2040 147
1 994 2040 147
1 1996 5489 2106
1 147 3710 12
1 147 3710 12
1 147 280 994
1 147 2040 994
1 2070 5102 1992
1 2070 5102 1992
1 2908 4218 2480
1 2908 4218 1317
