0 1 12 3710 147
0 1 12 3710 147
0 1 12 3036 2082
0 1 20 2260 2482
0 1 20 2260 2506
0 1 20 2260 1193
0 1 20 2150 1005
0 1 20 1502 1259
0 1 1 3693 2787
0 1 1 2907 2787
0 1 1805 298 2575
0 1 3 3231 290
0 1 9 268 2020
0 1 9 268 2020
0 1 10 4 2268
0 1 10 301 20
0 1 10 301 20
0 1 10 3107 1210
0 1 10 3107 203
0 1 10 953 273
0 1 11 3000 2019
0 1 11 3000 2019
0 1 15 960 2490
0 1 15 41 1724
0 1 15 2120 2751
0 1 15 2419 1155
0 1 15 802 2042
0 1 15 802 2042
0 1 15 1309 1023
0 1 19 271 1002
0 1 19 493 2006
0 1 19 493 2006
0 1 19 493 176
0 1 19 1662 2123
0 1 19 748 16
0 1 19 748 16
0 1 19 3563 2070
0 1 19 3563 2070
0 1 22 1570 30
0 1 22 1570 2529
0 1 22 497 15
0 1 22 497 2473
0 1 22 497 1156
0 1 22 497 15
0 1 22 3464 2540
0 1 1808 749 2397
0 1 28 1056 2004
0 1 28 1056 2004
0 1 28 199 2018
0 1 28 199 2018
0 1 30 3621 1094
0 1 30 1830 2432
0 1 30 2082 1793
0 1 30 2082 1113
0 1 30 2082 1145
0 1 30 2082 2684
0 1 30 2082 2751
0 1 30 3195 1357
0 1 30 538 1214
0 1 30 1527 2529
0 1 33 3129 7
0 1 33 3129 7
0 1 33 1501 2048
0 1 33 1501 2048
0 1 34 3890 2114
0 1 35 3432 2082
0 1 36 3791 2114
0 1 37 3093 2215
0 1 37 3781 2000
0 1 37 3781 2000
0 1 40 2086 2539
0 1 41 1884 2004
0 1 41 1884 2004
0 1 25 163 2112
0 1 47 1737 110
0 1 47 1737 110
0 1 49 732 60
0 1 49 732 60
0 1 49 1983 60
0 1 49 1983 60
0 1 1832 2799 1293
0 1 1832 2951 1063
0 1 61 2535 1852
0 1 61 2535 1852
0 1 61 1094 103
0 1 61 1094 103
0 1 61 2267 103
0 1 61 2267 103
0 1 1972 3517 3031
0 1 1972 3517 2060
0 1 1972 3517 2060
0 1 1972 3517 2836
0 1 65 614 2925
0 1 65 3585 2925
0 1 65 531 2019
0 1 65 531 2019
0 1 67 574 2141
0 1 67 3197 2247
0 1 67 3729 2247
0 1 71 814 2217
0 1 88 3026 1602
0 1 88 674 1602
0 1 88 2024 1952
0 1 88 2024 1602
0 1 88 3082 1602
0 1 1883 1473 2016
0 1 1883 1473 2016
0 1 93 727 2151
0 1 96 2165 2141
0 1 96 2165 2397
0 1 96 3723 740
0 1 96 2441 484
0 1 99 3830 2141
0 1 103 1028 1816
0 1 103 1028 1816
0 1 111 1759 2006
0 1 111 1759 2006
0 1 104 229 2037
0 1 104 229 386
0 1 104 229 2037
0 1 104 229 2398
0 1 124 1876 2595
0 1 129 165 2025
0 1 129 165 2025
0 1 1952 2698 1602
0 1 1952 2024 88
0 1 1952 2024 1602
0 1 1952 2024 88
0 1 1952 3082 88
0 1 1952 3082 1602
0 1 1952 3082 88
0 1 1952 709 88
0 1 1952 709 1602
0 1 1952 709 88
0 1 1952 31 88
0 1 1952 31 88
0 1 1952 674 1602
0 1 1963 3737 3006
0 1 142 1996 2515
0 1 143 3480 2511
0 1 143 3480 1209
0 1 145 258 15
0 1 145 258 15
0 1 145 1309 1023
0 1 145 3074 2519
0 1 145 601 1189
0 1 145 601 2509
0 1 145 1201 276
0 1 145 2166 1232
0 1 145 2166 1217
0 1 145 1816 2480
0 1 145 1816 2903
0 1 146 3427 1121
0 1 146 2108 1480
0 1 147 280 994
0 1 147 2040 994
0 1 148 2920 2437
0 1 148 2757 2494
0 1 150 258 15
0 1 150 258 15
0 1 150 2120 2751
0 1 150 802 2042
0 1 150 802 2042
0 1 1702 3480 2511
0 1 1702 3480 1209
0 1 1702 1052 1751
0 1 1702 3074 2519
0 1 1057 1184 2450
0 1 1057 1499 2449
0 1 1057 1499 2584
0 1 1057 3292 1191
0 1 1704 2087 2458
0 1 1704 2217 2555
0 1 218 1845 2099
0 1 218 1845 217
0 1 218 1299 2080
0 1 218 2846 15
0 1 218 2846 1001
0 1 218 2846 2490
0 1 218 2846 15
0 1 218 2846 276
0 1 218 2846 256
0 1 1531 34 458
0 1 1705 1899 2553
0 1 1705 2684 1119
0 1 1705 1187 2513
0 1 1705 3730 10
0 1 1705 3730 2513
0 1 1705 3730 2583
0 1 1705 376 2513
0 1 1062 2905 2487
0 1 1062 2905 2791
0 1 1062 2905 2792
0 1 1062 1442 2783
0 1 1062 1442 2790
0 1 969 3211 2747
0 1 155 1838 2120
0 1 155 1838 2161
0 1 155 3211 2747
0 1 155 557 2099
0 1 155 557 2132
0 1 970 1187 2513
0 1 970 1187 1705
0 1 1090 2770 1023
0 1 1090 3610 1237
0 1 1090 3610 2585
0 1 1090 534 2563
0 1 1148 3879 2445
0 1 1148 139 2472
0 1 1148 139 2589
0 1 1148 3037 2483
0 1 1148 1704 2445
0 1 624 3249 2071
0 1 624 3249 2238
0 1 624 1190 2071
0 1 624 1190 2238
0 1 1709 3111 2521
0 1 1709 2231 2593
0 1 1709 1231 1237
0 1 1044 515 2845
0 1 1044 515 2897
0 1 1710 3067 2667
0 1 1479 901 2411
0 1 1134 631 1063
0 1 1134 1847 1063
0 1 934 3201 2627
0 1 478 3386 257
0 1 478 3386 2111
0 1 478 3170 2493
0 1 478 3170 275
0 1 478 3170 1191
0 1 478 3170 1007
0 1 478 534 2563
0 1 1714 1873 1202
0 1 1714 1873 1751
0 1 1714 1819 2480
0 1 1714 1819 2148
0 1 1714 66 2449
0 1 1714 66 1357
0 1 1714 2304 1203
0 1 154 3289 172
0 1 154 2396 228
0 1 154 2396 486
0 1 154 2396 2275
0 1 154 444 2131
0 1 154 444 217
0 1 154 3782 1001
0 1 154 3782 1217
0 1 154 3782 228
0 1 154 3782 241
0 1 154 3782 172
0 1 154 924 1001
0 1 154 924 2080
0 1 154 924 2097
0 1 154 924 2131
0 1 154 1360 1001
0 1 154 1360 307
0 1 154 1374 1001
0 1 1715 2477 1793
0 1 1715 2481 2438
0 1 1715 1383 2519
0 1 1715 1383 1194
0 1 1715 185 2132
0 1 1715 185 2164
0 1 1063 1962 1295
0 1 1063 3649 1134
0 1 1716 834 2529
0 1 1716 834 2569
0 1 1716 2256 1190
0 1 1716 763 1179
0 1 1716 2891 1738
0 1 1716 3211 2747
0 1 1717 1746 2444
0 1 1717 1746 1179
0 1 1718 1281 2469
0 1 1022 3597 2453
0 1 1022 3597 2527
0 1 1022 1391 1215
0 1 1022 870 2708
0 1 1022 1132 2549
0 1 1022 1132 2884
0 1 978 2574 2145
0 1 978 3006 213
0 1 978 3006 2670
0 1 1113 3844 2508
0 1 1113 1517 1023
0 1 1113 682 1147
0 1 1113 682 2553
0 1 1113 846 1023
0 1 1113 846 1191
0 1 1113 1933 1023
0 1 1113 3766 2508
0 1 1113 3766 1088
0 1 1113 3766 1155
0 1 1113 1155 1191
0 1 1113 2493 1214
0 1 1113 2493 1203
0 1 531 1317 484
0 1 1092 640 2501
0 1 1092 640 2511
0 1 1092 1541 2498
0 1 1092 2468 2463
0 1 1720 4 2268
0 1 1720 963 1047
0 1 1720 963 371
0 1 1720 963 2268
0 1 191 3470 2142
0 1 191 3470 241
0 1 191 3470 2159
0 1 191 2734 273
0 1 191 2734 1243
0 1 191 2301 154
0 1 191 2301 172
0 1 1721 1705 2631
0 1 1721 2152 1117
0 1 1721 2108 1480
0 1 1722 3613 2462
0 1 1722 3613 2493
0 1 1722 3570 2473
0 1 1722 708 2164
0 1 1722 1116 2466
0 1 1722 1116 2321
0 1 1117 2934 2631
0 1 1725 2620 1063
0 1 1094 3368 1209
0 1 1094 3368 257
0 1 1094 960 15
0 1 1094 960 2490
0 1 1094 960 15
0 1 1094 539 2751
0 1 1094 59 22
0 1 1094 59 2490
0 1 1094 59 1217
0 1 1094 59 22
0 1 1094 2293 2490
0 1 1094 2371 1237
0 1 1094 2371 2501
0 1 1094 2371 2563
0 1 1094 2371 2742
0 1 1094 2371 2751
0 1 1094 1871 1715
0 1 1094 1871 1076
0 1 1020 3380 1113
0 1 1020 2106 2751
0 1 1020 3466 1232
0 1 1020 3466 2563
0 1 1020 1517 1023
0 1 1020 1517 1113
0 1 1020 2999 1094
0 1 1020 1599 1237
0 1 1156 1313 1738
0 1 1156 208 2148
0 1 1156 3205 1202
0 1 1728 1310 2555
0 1 1729 1823 275
0 1 1729 1823 2777
0 1 1729 2346 1156
0 1 1729 2346 2711
0 1 1729 1164 2509
0 1 1731 2442 2597
0 1 1193 1083 1738
0 1 1193 2260 2482
0 1 1193 2260 2506
0 1 1193 2254 2540
0 1 1193 2854 2489
0 1 1193 2854 2490
0 1 1193 66 2449
0 1 1193 66 1357
0 1 1030 1900 1997
0 1 1030 1900 1997
0 1 1030 1900 257
0 1 1030 831 2582
0 1 1030 831 2777
0 1 1030 185 2132
0 1 1030 185 2164
0 1 1030 2293 2490
0 1 1030 1411 2449
0 1 1173 2231 2593
0 1 1173 2192 227
0 1 1173 2151 2440
0 1 1173 66 2449
0 1 1173 66 1357
0 1 171 924 1001
0 1 171 924 2080
0 1 171 924 2097
0 1 171 924 2131
0 1 171 420 154
0 1 171 2396 228
0 1 171 2396 486
0 1 171 2396 2275
0 1 171 3782 1001
0 1 171 3782 154
0 1 171 3782 1217
0 1 171 3782 228
0 1 171 3782 241
0 1 171 3782 172
0 1 171 3530 1001
0 1 171 3530 2080
0 1 171 3530 2097
0 1 171 3530 217
0 1 171 3530 486
0 1 171 3530 172
0 1 171 3530 2275
0 1 171 2301 191
0 1 171 2301 154
0 1 171 2301 172
0 1 171 1374 1001
0 1 171 3289 154
0 1 171 3289 172
0 1 260 2355 2428
0 1 1182 3364 2438
0 1 1182 3364 1076
0 1 1182 3364 2742
0 1 195 3075 2097
0 1 195 1845 2099
0 1 195 1845 217
0 1 1203 2493 1214
0 1 1203 3471 22
0 1 1203 3471 2569
0 1 1203 3471 22
0 1 1203 2536 2569
0 1 1203 3170 2493
0 1 1203 3170 478
0 1 1203 3170 275
0 1 1203 3170 1191
0 1 1203 3170 1007
0 1 992 418 2132
0 1 992 1799 2095
0 1 992 1799 259
0 1 992 557 2099
0 1 992 557 2132
0 1 484 396 2155
0 1 1754 1630 2484
0 1 1754 1630 2678
0 1 12 3710 147
0 1 12 3710 147
0 1 12 3036 2082
0 1 1018 678 2797
0 1 1018 1545 2445
0 1 1018 3464 22
0 1 1018 3464 2540
0 1 1018 3464 22
0 1 213 2394 892
0 1 213 1310 2555
0 1 213 3006 2670
0 1 20 2260 2482
0 1 20 2260 2506
0 1 20 2260 1193
0 1 20 2150 1005
0 1 20 1502 1259
0 1 1127 3439 2471
0 1 1127 3439 2438
0 1 1127 2999 1094
0 1 1127 1599 1237
0 1 1127 1221 1023
0 1 1127 1221 1232
0 1 1127 1221 2490
0 1 1127 1221 2566
0 1 1127 591 1225
0 1 1127 591 2540
0 1 1069 1093 2466
0 1 194 3530 1001
0 1 194 3530 2080
0 1 194 3530 2097
0 1 194 3530 217
0 1 194 3530 486
0 1 194 3530 172
0 1 194 3530 2275
0 1 879 3530 1001
0 1 879 3530 2080
0 1 879 3530 2097
0 1 879 3530 217
0 1 879 3530 486
0 1 879 3530 172
0 1 879 3530 2275
0 1 879 750 2080
0 1 879 2464 310
0 1 879 1834 217
0 1 879 3362 486
0 1 879 3362 2173
0 1 879 766 153
0 1 879 3443 486
0 1 879 3443 172
0 1 1017 40 2529
0 1 1017 40 2794
0 1 1019 916 1005
0 1 1019 916 2596
0 1 1019 3081 1018
0 1 1019 427 2471
0 1 1021 2865 2553
0 1 1021 1902 2897
0 1 1021 3439 2471
0 1 1021 3439 2438
0 1 1021 645 2903
0 1 1023 3464 22
0 1 1023 3464 2540
0 1 1023 3464 22
0 1 1023 1517 1113
0 1 1023 846 1113
0 1 1023 846 1191
0 1 1023 3198 2506
0 1 1029 2656 1217
0 1 1029 886 2596
0 1 1029 1873 1202
0 1 1029 1873 1751
0 1 1029 2166 1232
0 1 1029 2166 1217
0 1 1029 3466 1232
0 1 1029 3466 2563
0 1 1029 1049 2569
0 1 1029 2444 1198
0 1 1029 1039 1191
0 1 1031 2992 2579
0 1 1031 943 2681
0 1 1032 3501 1998
0 1 1032 3501 1998
0 1 159 960 15
0 1 159 960 2490
0 1 159 960 15
0 1 1038 3400 2475
0 1 1038 3400 2495
0 1 1040 1673 1113
0 1 1040 508 2901
0 1 1040 1824 1751
0 1 162 644 201
0 1 162 644 1215
0 1 163 2728 2130
0 1 1041 1194 2452
0 1 1041 3480 2511
0 1 1041 3480 1209
0 1 1041 1296 1006
0 1 1043 419 2432
0 1 1043 2599 1179
0 1 1043 2599 2511
0 1 1043 441 1357
0 1 1043 1830 30
0 1 1043 1830 2432
0 1 1047 3107 1210
0 1 1047 3107 203
0 1 1047 3611 1210
0 1 1047 2964 1210
0 1 1 3693 2787
0 1 1 2907 2787
0 1 166 2803 158
0 1 1052 3096 2596
0 1 1052 2599 1179
0 1 1052 2599 2511
0 1 1052 3746 2457
0 1 167 2728 2130
0 1 167 1225 2137
0 1 1061 3205 1156
0 1 1061 3205 1202
0 1 1061 2213 2516
0 1 172 3782 1001
0 1 172 3782 154
0 1 172 3782 1217
0 1 172 3782 228
0 1 172 3782 241
0 1 172 3530 1001
0 1 172 3530 2080
0 1 172 3530 2097
0 1 172 3530 217
0 1 172 3530 486
0 1 172 3530 2275
0 1 172 2301 191
0 1 172 2301 154
0 1 172 924 1001
0 1 172 924 2080
0 1 172 924 2097
0 1 172 924 2131
0 1 172 1157 154
0 1 172 3289 154
0 1 172 3443 486
0 1 1065 2487 145
0 1 1065 2487 145
0 1 1065 2487 2742
0 1 1065 2798 2529
0 1 1065 3364 2438
0 1 1065 3364 1076
0 1 1065 3364 2742
0 1 1065 1313 1156
0 1 1065 1313 1738
0 1 1065 3577 2596
0 1 1066 1700 2512
0 1 1067 2619 2118
0 1 1067 3604 1022
0 1 1067 3604 2634
0 1 175 2122 2120
0 1 175 2063 2097
0 1 175 2063 2366
0 1 1071 1184 2450
0 1 1071 2644 2482
0 1 1072 2684 1705
0 1 1072 2684 1119
0 1 1072 2633 2513
0 1 1072 2633 1705
0 1 1072 2633 2268
0 1 1072 2404 1047
0 1 1072 83 2566
0 1 1073 2599 1179
0 1 1073 2599 2511
0 1 1073 1669 2444
0 1 1075 1554 1022
0 1 1075 1437 2479
0 1 1075 1437 2636
0 1 1076 3625 1179
0 1 1076 2477 1793
0 1 1079 3645 2579
0 1 178 3664 2099
0 1 178 3664 259
0 1 178 3664 2250
0 1 178 1444 2538
0 1 178 2063 2097
0 1 178 2063 2366
0 1 178 3006 213
0 1 178 3006 2670
0 1 1082 3246 2514
0 1 1084 2869 2496
0 1 1084 2869 2584
0 1 1084 3195 1357
0 1 1088 2900 1997
0 1 1088 2900 1997
0 1 1088 2900 1209
0 1 1097 1942 2608
0 1 1098 300 2562
0 1 1098 2284 2562
0 1 1100 3177 2436
0 1 1100 3177 1245
0 1 1100 3177 2110
0 1 1100 3177 266
0 1 1100 3177 2764
0 1 1101 295 1193
0 1 1101 1365 2381
0 1 1101 3611 1210
0 1 1101 3611 1047
0 1 3 3231 290
0 1 189 3103 2449
0 1 189 3103 275
0 1 189 3636 1007
0 1 189 1463 2501
0 1 1102 1265 2560
0 1 1107 3445 2606
0 1 1108 2611 1042
0 1 1109 2611 1042
0 1 1110 1613 2848
0 1 1110 2139 2848
0 1 1110 148 2848
0 1 1111 476 2579
0 1 1111 818 2475
0 1 1111 818 2540
0 1 1112 2426 869
0 1 1114 3221 2471
0 1 1114 3221 1717
0 1 1114 3221 2477
0 1 1114 1878 2745
0 1 1115 53 2504
0 1 1116 628 240
0 1 1116 2537 1526
0 1 1118 3730 10
0 1 1118 3730 2513
0 1 1118 3730 1705
0 1 1118 3730 2583
0 1 1119 234 1232
0 1 1119 234 1194
0 1 1119 2684 1705
0 1 1119 376 2513
0 1 1120 2578 2507
0 1 1126 2107 2749
0 1 203 3671 2304
0 1 203 3671 2381
0 1 204 3367 2634
0 1 205 2398 2117
0 1 205 1488 257
0 1 205 1488 275
0 1 1130 103 2452
0 1 1130 1116 2466
0 1 1130 1116 2321
0 1 1130 582 1751
0 1 1130 582 2563
0 1 1130 3570 2473
0 1 206 1299 2080
0 1 206 924 1001
0 1 206 924 2080
0 1 206 924 2097
0 1 206 924 2131
0 1 206 1360 1001
0 1 206 1360 307
0 1 206 2846 15
0 1 206 2846 1001
0 1 206 2846 2490
0 1 206 2846 15
0 1 206 2846 276
0 1 206 2846 256
0 1 206 2464 310
0 1 1132 87 2471
0 1 1132 2346 1156
0 1 1132 2346 2711
0 1 1132 3613 2462
0 1 1132 3613 2493
0 1 1132 2004 1145
0 1 1133 219 2638
0 1 1133 219 1240
0 1 1133 2012 2668
0 1 212 2850 275
0 1 1135 53 2504
0 1 1136 2656 1217
0 1 1136 2004 1145
0 1 1136 3631 22
0 1 1136 3631 1113
0 1 1136 3631 22
0 1 1136 3631 1047
0 1 1136 2427 1023
0 1 1136 2026 2484
0 1 1136 2026 2540
0 1 1136 3556 2471
0 1 1137 2485 1589
0 1 1138 988 2455
0 1 1140 828 2491
0 1 1140 834 2529
0 1 1140 834 2569
0 1 1140 3540 15
0 1 1140 3540 15
0 1 1140 3540 1751
0 1 1140 3613 2462
0 1 1140 3613 2493
0 1 1140 1651 2585
0 1 1140 1651 2684
0 1 1142 1899 2553
0 1 1145 2079 2471
0 1 1145 513 2508
0 1 1145 337 30
0 1 1145 2064 2520
0 1 1145 3480 2511
0 1 1145 3480 1209
0 1 1145 3766 2508
0 1 1145 3766 1088
0 1 1145 3766 1113
0 1 1145 3766 1155
0 1 1147 86 1113
0 1 1147 1511 2438
0 1 1147 682 2553
0 1 1147 3805 1214
0 1 1147 3111 2521
0 1 216 3103 2449
0 1 216 3103 275
0 1 217 1845 2099
0 1 217 3530 1001
0 1 217 3530 2080
0 1 217 3530 2097
0 1 217 3530 486
0 1 217 3530 172
0 1 217 3530 2275
0 1 217 444 154
0 1 217 444 2131
0 1 220 3042 2086
0 1 220 3042 2097
0 1 220 3042 307
0 1 220 2704 2097
0 1 220 2704 241
0 1 220 2704 307
0 1 222 2056 2378
0 1 222 2261 259
0 1 222 1168 2120
0 1 222 1168 175
0 1 222 290 2159
0 1 222 3787 2120
0 1 222 418 2132
0 1 1155 3502 2751
0 1 1155 258 15
0 1 1155 258 15
0 1 1155 752 1209
0 1 1155 1471 1225
0 1 227 766 153
0 1 228 924 1001
0 1 228 924 2080
0 1 228 924 2097
0 1 228 924 2131
0 1 228 3782 1001
0 1 228 3782 154
0 1 228 3782 1217
0 1 228 3782 241
0 1 228 3782 172
0 1 228 2396 486
0 1 228 2396 2275
0 1 228 3289 154
0 1 228 3289 172
0 1 229 1730 1005
0 1 1161 2936 2609
0 1 1161 2936 2737
0 1 1161 50 2600
0 1 233 1210 2175
0 1 1166 1719 1179
0 1 1166 3292 1191
0 1 1166 2217 2555
0 1 9 268 2020
0 1 9 268 2020
0 1 1167 56 2684
0 1 1167 3827 2430
0 1 10 4 2268
0 1 10 301 20
0 1 10 301 20
0 1 10 3107 1210
0 1 10 3107 203
0 1 10 953 273
0 1 236 3440 2140
0 1 237 2704 2097
0 1 237 2704 241
0 1 237 2704 307
0 1 237 2245 2080
0 1 237 1299 2080
0 1 11 3000 2019
0 1 11 3000 2019
0 1 1168 729 2658
0 1 238 2228 2087
0 1 239 385 2008
0 1 239 385 2008
0 1 1172 1037 2739
0 1 1172 925 2499
0 1 241 2704 2097
0 1 241 2704 307
0 1 241 3782 1001
0 1 241 3782 154
0 1 241 3782 1217
0 1 241 3782 228
0 1 241 3782 172
0 1 241 3470 191
0 1 241 3470 2142
0 1 241 3470 2159
0 1 1174 2166 1232
0 1 1174 2166 1217
0 1 1174 3726 2477
0 1 1174 3726 2901
0 1 1174 1313 1156
0 1 1174 1313 1738
0 1 1176 3365 1999
0 1 1176 3365 1999
0 1 242 1477 2226
0 1 1179 49 2557
0 1 1179 601 1189
0 1 1179 601 2509
0 1 1179 3199 1190
0 1 15 960 2490
0 1 15 41 1724
0 1 15 2120 2751
0 1 15 2419 1155
0 1 15 802 2042
0 1 15 802 2042
0 1 15 1309 1023
0 1 1184 2420 1255
0 1 1184 2420 1198
0 1 1184 3619 1179
0 1 1184 357 259
0 1 1185 1146 1119
0 1 249 2858 2161
0 1 250 2858 2161
0 1 253 2422 241
0 1 253 3530 1001
0 1 253 3530 2080
0 1 253 3530 2097
0 1 253 3530 217
0 1 253 3530 486
0 1 253 3530 172
0 1 253 3530 2275
0 1 253 1907 259
0 1 253 1907 307
0 1 253 750 2080
0 1 253 2704 2097
0 1 253 2704 241
0 1 253 2704 307
0 1 253 1299 2080
0 1 255 222 2120
0 1 255 1796 2099
0 1 255 3793 2076
0 1 255 3793 1088
0 1 255 1838 2120
0 1 255 1838 2161
0 1 255 1569 2516
0 1 256 8 2557
0 1 256 2846 15
0 1 256 2846 1001
0 1 256 2846 2490
0 1 256 2846 15
0 1 256 2846 276
0 1 256 2516 2099
0 1 256 1838 2120
0 1 256 1838 2161
0 1 256 3345 275
0 1 257 766 153
0 1 257 3804 2076
0 1 257 2625 275
0 1 257 262 275
0 1 257 3368 1209
0 1 257 1488 275
0 1 257 3345 275
0 1 257 3345 256
0 1 257 3787 2120
0 1 257 3664 2099
0 1 257 3664 259
0 1 257 3664 2250
0 1 257 3170 2493
0 1 257 3170 478
0 1 257 3170 275
0 1 257 3170 1191
0 1 257 3170 1007
0 1 258 3793 2076
0 1 258 3793 1088
0 1 259 3279 2076
0 1 259 3664 2099
0 1 259 3664 2250
0 1 259 395 1217
0 1 259 395 2119
0 1 259 395 2170
0 1 259 1907 307
0 1 259 2850 275
0 1 261 2745 2510
0 1 1189 164 2901
0 1 1189 3766 2508
0 1 1189 3766 1088
0 1 1189 3766 1113
0 1 1189 3766 1155
0 1 1189 3815 2509
0 1 1189 909 2558
0 1 1189 1738 2509
0 1 1189 1738 1145
0 1 1189 2834 2509
0 1 1189 2834 2558
0 1 1190 201 1179
0 1 1190 1719 1179
0 1 1190 2956 1179
0 1 1191 846 1023
0 1 1191 846 1113
0 1 1191 3619 1179
0 1 1191 3170 2493
0 1 1191 3170 478
0 1 1191 3170 275
0 1 1191 3170 1007
0 1 1194 2293 2490
0 1 1194 906 1209
0 1 1194 2427 1023
0 1 1194 757 2908
0 1 19 271 1002
0 1 19 493 2006
0 1 19 493 2006
0 1 19 493 176
0 1 19 1662 2123
0 1 19 748 16
0 1 19 748 16
0 1 19 3563 2070
0 1 19 3563 2070
0 1 1196 1494 2612
0 1 1198 2577 1147
0 1 1198 1527 2529
0 1 1198 2420 1255
0 1 1198 3380 1113
0 1 265 3836 2123
0 1 265 3939 2088
0 1 265 3939 2123
0 1 265 2849 2088
0 1 265 2849 2123
0 1 266 3177 2436
0 1 266 3177 1245
0 1 266 3177 2110
0 1 266 3177 1100
0 1 266 3177 2764
0 1 1200 2805 2490
0 1 1200 3142 2519
0 1 1200 4 2268
0 1 1200 552 2381
0 1 22 1570 30
0 1 22 1570 2529
0 1 22 497 15
0 1 22 497 2473
0 1 22 497 1156
0 1 22 497 15
0 1 22 3464 2540
0 1 1202 337 30
0 1 1202 3262 1155
0 1 1202 2487 145
0 1 1202 2487 145
0 1 1202 2487 2742
0 1 1202 757 2908
0 1 1202 3205 1156
0 1 1202 1873 1751
0 1 270 3287 2250
0 1 271 3936 2105
0 1 1209 640 2501
0 1 1209 640 2511
0 1 1209 3480 2511
0 1 1209 3471 22
0 1 1209 3471 2569
0 1 1209 3471 22
0 1 1209 864 2501
0 1 1210 3572 2522
0 1 1210 3572 1194
0 1 1210 2964 1047
0 1 273 439 2304
0 1 273 439 2384
0 1 273 2734 191
0 1 273 2734 1243
0 1 1214 3805 1147
0 1 1214 757 2908
0 1 1214 1010 1198
0 1 1214 682 1147
0 1 1214 682 2553
0 1 1214 829 1147
0 1 1214 299 2553
0 1 1214 299 2897
0 1 275 3793 2076
0 1 275 3793 1088
0 1 275 3787 2120
0 1 275 3345 256
0 1 275 3386 257
0 1 275 3386 2111
0 1 275 3386 478
0 1 275 3103 2449
0 1 275 1900 1997
0 1 275 1900 1997
0 1 275 1900 257
0 1 275 2846 15
0 1 275 2846 1001
0 1 275 2846 2490
0 1 275 2846 15
0 1 275 2846 276
0 1 275 2846 256
0 1 275 3658 257
0 1 275 3658 2131
0 1 275 3170 2493
0 1 275 3170 478
0 1 275 3170 1191
0 1 275 3170 1007
0 1 275 1980 327
0 1 275 2606 257
0 1 276 1201 145
0 1 276 1201 145
0 1 276 2846 15
0 1 276 2846 1001
0 1 276 2846 2490
0 1 276 2846 15
0 1 276 2846 256
0 1 1216 2339 2771
0 1 1216 2936 2609
0 1 1216 2936 2737
0 1 1216 50 2600
0 1 1217 3722 1237
0 1 1217 3722 2777
0 1 1217 3401 2587
0 1 1217 1850 15
0 1 1217 1850 2490
0 1 1217 1850 15
0 1 1218 1876 2595
0 1 279 1201 145
0 1 279 1201 145
0 1 279 1201 276
0 1 279 2010 276
0 1 279 3158 1751
0 1 279 3158 2148
0 1 279 1107 276
0 1 279 2464 310
0 1 279 2846 15
0 1 279 2846 1001
0 1 279 2846 2490
0 1 279 2846 15
0 1 279 2846 276
0 1 279 2846 256
0 1 280 1838 2120
0 1 280 1838 2161
0 1 280 1488 257
0 1 280 1488 275
0 1 280 3793 2076
0 1 280 3793 1088
0 1 1222 2869 2496
0 1 1222 2869 2584
0 1 1222 3464 22
0 1 1222 3464 2540
0 1 1222 3464 22
0 1 1222 1499 2449
0 1 1222 1499 2584
0 1 284 2643 1293
0 1 1225 3521 1705
0 1 1225 196 1237
0 1 1225 534 2563
0 1 1225 846 1023
0 1 1225 846 1113
0 1 1225 846 1191
0 1 1225 3570 2473
0 1 1225 443 2684
0 1 1225 443 2742
0 1 1225 699 22
0 1 1225 699 1018
0 1 1225 699 1155
0 1 1225 699 2148
0 1 1225 699 22
0 1 1225 591 2540
0 1 294 1907 259
0 1 294 1907 307
0 1 294 2704 2097
0 1 294 2704 241
0 1 294 2704 307
0 1 294 750 2080
0 1 294 3075 2097
0 1 1232 2048 1357
0 1 1232 1527 2529
0 1 1232 1850 15
0 1 1232 1850 2490
0 1 1232 1850 15
0 1 1232 1850 1217
0 1 1232 3870 1317
0 1 296 3905 2012
0 1 296 3905 2012
0 1 296 1614 740
0 1 298 418 2132
0 1 28 1056 2004
0 1 28 1056 2004
0 1 28 199 2018
0 1 28 199 2018
0 1 1236 1028 1816
0 1 1236 1028 1816
0 1 1236 1745 1852
0 1 1236 1745 1852
0 1 1236 2495 2018
0 1 1236 2495 2018
0 1 1237 185 2132
0 1 1237 185 2164
0 1 1237 1309 1023
0 1 1237 20 30
0 1 1237 20 2042
0 1 1237 20 2042
0 1 1237 3062 2042
0 1 1237 3062 2042
0 1 1238 3111 2521
0 1 1238 640 2501
0 1 1238 640 2511
0 1 301 539 2751
0 1 301 311 2131
0 1 301 192 478
0 1 301 1039 1191
0 1 30 3621 1094
0 1 30 1830 2432
0 1 30 2082 1793
0 1 30 2082 1113
0 1 30 2082 1145
0 1 30 2082 2684
0 1 30 2082 2751
0 1 30 3195 1357
0 1 30 538 1214
0 1 30 1527 2529
0 1 1239 539 2751
0 1 1240 1065 2638
0 1 1240 1505 2634
0 1 1240 723 2638
0 1 1240 2496 2634
0 1 1240 2496 2638
0 1 1240 260 2634
0 1 1240 260 2638
0 1 1240 2551 2638
0 1 1240 2465 2638
0 1 1240 421 2638
0 1 1240 1092 2634
0 1 1240 1092 2638
0 1 1240 3025 2638
0 1 1240 3840 2638
0 1 1240 3826 2638
0 1 1240 3039 2638
0 1 1240 2986 2634
0 1 1240 2986 2638
0 1 1240 1445 2634
0 1 1240 219 2638
0 1 1240 937 2668
0 1 1240 1954 2634
0 1 1240 2818 2638
0 1 1240 969 2638
0 1 1240 3763 2638
0 1 1240 3233 2634
0 1 1240 3233 2638
0 1 1240 2307 2638
0 1 1240 26 2638
0 1 1240 359 2643
0 1 1240 998 2638
0 1 1240 3550 2638
0 1 1240 569 2638
0 1 1240 782 2638
0 1 302 3279 2076
0 1 302 262 275
0 1 1243 858 1172
0 1 1245 3177 2436
0 1 1245 3177 2110
0 1 1245 3177 1100
0 1 1245 3177 266
0 1 1245 3177 2764
0 1 33 3129 7
0 1 33 3129 7
0 1 33 1501 2048
0 1 33 1501 2048
0 1 307 3042 2086
0 1 307 3042 2097
0 1 307 2704 2097
0 1 307 2704 241
0 1 307 924 1001
0 1 307 924 2080
0 1 307 924 2097
0 1 307 924 2131
0 1 308 609 2097
0 1 308 240 2086
0 1 308 240 310
0 1 310 1201 145
0 1 310 1201 145
0 1 310 1201 276
0 1 310 1731 2076
0 1 310 2164 1751
0 1 310 8 2557
0 1 310 8 256
0 1 312 901 2411
0 1 1252 2938 44
0 1 316 1565 2145
0 1 317 2966 2000
0 1 317 2966 2000
0 1 320 2122 2120
0 1 1255 2420 1198
0 1 1255 1581 2444
0 1 1255 3254 2897
0 1 34 3890 2114
0 1 35 3432 2082
0 1 36 3791 2114
0 1 37 3093 2215
0 1 37 3781 2000
0 1 37 3781 2000
0 1 326 3121 16
0 1 326 3121 16
0 1 326 2603 2151
0 1 327 1046 1047
0 1 327 1046 2381
0 1 179 3316 20
0 1 179 3316 20
0 1 179 3664 2099
0 1 179 3664 259
0 1 179 3664 2250
0 1 179 1448 1005
0 1 40 2086 2539
0 1 1263 855 1273
0 1 1263 855 2323
0 1 41 1884 2004
0 1 41 1884 2004
0 1 1272 3956 2672
0 1 1272 2912 2875
0 1 1273 2753 1577
0 1 1273 855 2323
0 1 336 3543 2396
0 1 1274 1507 1577
0 1 1274 1905 1629
0 1 1277 1082 2251
0 1 344 3586 2397
0 1 344 142 2106
0 1 344 142 2114
0 1 1282 786 1591
0 1 1282 3861 2369
0 1 1284 2149 1285
0 1 1285 3212 2657
0 1 1285 3212 2887
0 1 1285 315 1659
0 1 1285 315 2879
0 1 1285 638 2287
0 1 350 1986 361
0 1 1290 3178 2719
0 1 1293 1723 1063
0 1 25 163 2112
0 1 360 927 2637
0 1 360 927 1390
0 1 1295 511 2714
0 1 1295 1962 1063
0 1 362 1986 361
0 1 1296 296 2639
0 1 1296 296 1316
0 1 1297 927 2637
0 1 1297 927 360
0 1 1297 927 1390
0 1 380 3225 200
0 1 382 3855 300
0 1 382 3855 2388
0 1 383 2803 158
0 1 1302 3306 2673
0 1 1302 997 1117
0 1 1303 1659 1477
0 1 1310 3300 604
0 1 47 1737 110
0 1 47 1737 110
0 1 400 3444 2018
0 1 400 3444 1816
0 1 400 3444 2018
0 1 400 3444 1816
0 1 400 2435 319
0 1 400 2435 2713
0 1 1316 1705 2631
0 1 1316 1460 2464
0 1 1316 296 2639
0 1 1317 805 2499
0 1 1317 805 2546
0 1 49 732 60
0 1 49 732 60
0 1 49 1983 60
0 1 49 1983 60
0 1 1318 3060 2525
0 1 410 2958 2270
0 1 411 2843 2573
0 1 1320 3610 1237
0 1 1320 3610 2585
0 1 1320 2087 2458
0 1 1320 1049 2569
0 1 1320 3844 2508
0 1 386 229 2037
0 1 386 229 2037
0 1 386 229 2398
0 1 414 715 2373
0 1 1323 3539 2644
0 1 1323 266 2022
0 1 1323 266 2022
0 1 418 2609 2315
0 1 1326 3242 319
0 1 1330 2509 1284
0 1 1335 1531 2580
0 1 1348 927 2637
0 1 1348 927 360
0 1 1348 927 1390
0 1 1352 830 2323
0 1 1357 831 2582
0 1 1357 831 2777
0 1 322 774 2156
0 1 322 3551 2156
0 1 473 75 1240
0 1 473 644 201
0 1 473 644 1215
0 1 476 1973 877
0 1 211 643 80
0 1 1372 1491 1273
0 1 486 3362 2173
0 1 486 1360 1001
0 1 486 1360 307
0 1 61 2535 1852
0 1 61 2535 1852
0 1 61 1094 103
0 1 61 1094 103
0 1 61 2267 103
0 1 61 2267 103
0 1 492 2128 2365
0 1 494 250 2388
0 1 494 3855 300
0 1 494 3855 382
0 1 494 3855 2388
0 1 505 384 2151
0 1 65 614 2925
0 1 65 3585 2925
0 1 65 531 2019
0 1 65 531 2019
0 1 514 1646 323
0 1 67 574 2141
0 1 67 3197 2247
0 1 67 3729 2247
0 1 1389 3419 2688
0 1 1389 3419 2870
0 1 1390 927 2637
0 1 1390 927 360
0 1 1391 927 2637
0 1 1391 927 360
0 1 1391 927 1390
0 1 1397 266 2022
0 1 1397 266 2022
0 1 71 814 2217
0 1 539 36 2255
0 1 539 3283 2112
0 1 539 2801 2255
0 1 539 2634 2365
0 1 1411 1990 2468
0 1 1411 2212 2768
0 1 1433 300 2562
0 1 1433 2284 2562
0 1 1436 3217 1052
0 1 1436 1093 2466
0 1 1436 1919 2903
0 1 570 1589 200
0 1 570 467 200
0 1 1447 3501 1998
0 1 1447 3501 1998
0 1 592 147 2212
0 1 1385 1965 2575
0 1 625 2892 2230
0 1 625 2837 2230
0 1 626 3775 2155
0 1 1460 1014 2606
0 1 1462 2814 2045
0 1 1462 2814 2045
0 1 637 3193 272
0 1 88 3026 1602
0 1 88 674 1602
0 1 88 2024 1952
0 1 88 2024 1602
0 1 88 3082 1602
0 1 661 2688 1555
0 1 661 2912 2875
0 1 1480 3481 2731
0 1 666 1905 1629
0 1 1483 3046 2811
0 1 1484 80 2607
0 1 672 727 2151
0 1 1486 2428 2764
0 1 1486 2428 2774
0 1 1495 1282 2880
0 1 1496 2412 2507
0 1 234 444 154
0 1 234 444 2131
0 1 234 444 217
0 1 1500 1545 2445
0 1 1500 1545 1018
0 1 1500 78 2465
0 1 1500 1580 2475
0 1 690 2255 2237
0 1 93 727 2151
0 1 1506 956 2474
0 1 1506 3492 2474
0 1 1509 3262 1155
0 1 694 2648 232
0 1 699 2801 2255
0 1 699 2482 2000
0 1 699 2482 2000
0 1 702 1532 832
0 1 96 2165 2141
0 1 96 2165 2397
0 1 96 3723 740
0 1 96 2441 484
0 1 99 3830 2141
0 1 719 2464 310
0 1 719 2704 2097
0 1 719 2704 241
0 1 719 2704 307
0 1 719 924 1001
0 1 719 924 2080
0 1 719 924 2097
0 1 719 924 2131
0 1 724 303 158
0 1 1523 1078 1642
0 1 1524 515 2845
0 1 1524 515 2897
0 1 1524 3320 2485
0 1 103 1028 1816
0 1 103 1028 1816
0 1 1526 2769 1295
0 1 1527 1704 2445
0 1 741 2827 2244
0 1 749 3177 2436
0 1 749 3177 1245
0 1 749 3177 2110
0 1 749 3177 1100
0 1 749 3177 266
0 1 749 3177 2764
0 1 737 1199 2292
0 1 751 2467 2408
0 1 1540 1695 1134
0 1 1541 442 2820
0 1 1547 1703 2852
0 1 1550 1772 2618
0 1 769 3855 300
0 1 769 3855 382
0 1 769 3855 2388
0 1 111 1759 2006
0 1 111 1759 2006
0 1 774 295 1193
0 1 1576 315 1285
0 1 1576 315 1659
0 1 1576 315 2879
0 1 1577 3083 2926
0 1 801 849 1852
0 1 801 849 1852
0 1 801 2535 1852
0 1 801 2535 1852
0 1 1581 1214 1285
0 1 1581 760 1285
0 1 807 106 2018
0 1 807 106 2018
0 1 1589 2485 1137
0 1 104 229 2037
0 1 104 229 386
0 1 104 229 2037
0 1 104 229 2398
0 1 1601 1186 2638
0 1 1602 3082 88
0 1 1602 3082 88
0 1 1602 2024 88
0 1 1602 2024 1952
0 1 1602 2024 88
0 1 839 2214 2413
0 1 1599 1143 2435
0 1 852 2438 464
0 1 124 1876 2595
0 1 865 1918 2406
0 1 129 165 2025
0 1 129 165 2025
0 1 1640 266 2022
0 1 1640 266 2022
0 1 897 3697 2119
0 1 352 543 335
0 1 899 2914 2295
0 1 899 2717 2295
0 1 1659 315 1285
0 1 1659 315 2879
0 1 1667 315 1285
0 1 1667 315 1659
0 1 1667 315 2879
0 1 949 3761 2314
0 1 1692 488 2894
0 1 1706 1130 2775
0 1 1706 2938 44
0 1 1708 2264 2472
0 1 1708 1381 30
0 1 1708 1381 2903
0 1 1708 3217 1052
0 1 1708 678 2797
0 1 1708 1451 2533
0 1 142 1996 2515
0 1 143 3480 2511
0 1 143 3480 1209
0 1 1724 3828 2466
0 1 1724 1606 2471
0 1 1724 1606 2540
0 1 1724 1606 1194
0 1 1724 1775 1357
0 1 1724 1313 1156
0 1 1724 1313 1738
0 1 1727 1052 1751
0 1 1734 2599 1179
0 1 1734 2599 2511
0 1 1735 3306 2673
0 1 1735 1927 1998
0 1 1735 1927 1998
0 1 1738 1651 2585
0 1 1738 1651 2684
0 1 1739 554 2458
0 1 1739 1116 2466
0 1 1739 1116 2321
0 1 1741 1719 1179
0 1 1741 1804 2466
0 1 1741 1900 1997
0 1 1741 1900 1997
0 1 1741 1900 257
0 1 1741 1704 2445
0 1 1743 645 2903
0 1 1743 2503 2477
0 1 1743 2503 2589
0 1 1743 1225 2137
0 1 1743 3758 2697
0 1 1744 3818 2796
0 1 1747 2798 2529
0 1 1748 1070 1147
0 1 1748 3828 2466
0 1 993 1893 213
0 1 1750 1805 2563
0 1 1750 1912 1047
0 1 1750 1623 2519
0 1 1751 2700 1738
0 1 1751 582 2563
0 1 994 280 147
0 1 994 280 147
0 1 994 2040 147
0 1 994 2040 147
0 1 994 3213 176
0 1 994 1672 2365
0 1 996 301 20
0 1 996 301 20
0 1 145 258 15
0 1 145 258 15
0 1 145 1309 1023
0 1 145 3074 2519
0 1 145 601 1189
0 1 145 601 2509
0 1 145 1201 276
0 1 145 2166 1232
0 1 145 2166 1217
0 1 145 1816 2480
0 1 145 1816 2903
0 1 1757 435 2520
0 1 1758 2049 235
0 1 998 1225 2137
0 1 1759 1194 2452
0 1 1759 822 2466
0 1 1759 3628 2496
0 1 1760 676 1793
0 1 1760 3758 2697
0 1 1760 1083 1738
0 1 1762 2087 2458
0 1 1762 388 2584
0 1 1763 3540 15
0 1 1763 3540 15
0 1 1763 3540 1751
0 1 1763 3556 2471
0 1 1001 2846 15
0 1 1001 2846 2490
0 1 1001 2846 15
0 1 1001 2846 276
0 1 1001 2846 256
0 1 1001 192 478
0 1 1001 3530 2080
0 1 1001 3530 2097
0 1 1001 3530 217
0 1 1001 3530 486
0 1 1001 3530 172
0 1 1001 3530 2275
0 1 1001 924 2080
0 1 1001 924 2097
0 1 1001 924 2131
0 1 146 3427 1121
0 1 146 2108 1480
0 1 1767 889 1999
0 1 1767 889 1999
0 1 147 280 994
0 1 147 2040 994
0 1 148 2920 2437
0 1 148 2757 2494
0 1 1002 2077 2087
0 1 1002 1609 2106
0 1 1002 2776 2088
0 1 1770 3120 2471
0 1 1771 3424 2906
0 1 1004 396 2155
0 1 1772 1389 2686
0 1 1005 2150 20
0 1 1005 2150 20
0 1 1773 1624 2705
0 1 1775 2872 2461
0 1 1775 2872 2509
0 1 1775 2834 2509
0 1 1775 2834 2558
0 1 1775 3815 2509
0 1 1775 3207 2501
0 1 1775 3207 2509
0 1 1775 164 2901
0 1 1780 3879 2445
0 1 1780 1704 2445
0 1 1780 1131 2496
0 1 1780 1131 1738
0 1 1780 3037 2483
0 1 1780 1542 1357
0 1 1780 139 2472
0 1 1780 139 2589
0 1 1781 3938 2541
0 1 1782 0 1225
0 1 1782 2899 201
0 1 1782 3198 1023
0 1 1782 3198 2506
0 1 1782 196 1237
0 1 1782 2048 1357
0 1 1782 2869 2496
0 1 1782 2869 2584
0 1 1782 2047 1088
0 1 1782 699 22
0 1 1782 699 1018
0 1 1782 699 1155
0 1 1782 699 2148
0 1 1782 699 22
0 1 1782 534 2563
0 1 1782 201 1179
0 1 1783 2854 2489
0 1 1783 2854 2490
0 1 1783 3217 1052
0 1 1783 1902 2897
0 1 1784 1719 1179
0 1 1784 136 159
0 1 1784 2106 2751
0 1 1784 2477 1793
0 1 1787 2246 1255
0 1 150 258 15
0 1 150 258 15
0 1 150 2120 2751
0 1 150 802 2042
0 1 150 802 2042
0 1 1790 2657 2733
0 1 1792 191 2638
0 1 1793 3507 1076
0 1 1793 2082 1113
0 1 1793 2082 1145
0 1 1793 2082 2684
0 1 1793 2082 2751
0 1 1793 3254 2897
0 1 1010 1299 2080
0 1 1010 3443 486
0 1 1010 3443 172
0 1 1010 3530 1001
0 1 1010 3530 2080
0 1 1010 3530 2097
0 1 1010 3530 217
0 1 1010 3530 486
0 1 1010 3530 172
0 1 1010 3530 2275
0 1 1010 924 1001
0 1 1010 924 2080
0 1 1010 924 2097
0 1 1010 924 2131
0 1 1010 3782 1001
0 1 1010 3782 154
0 1 1010 3782 1217
0 1 1010 3782 228
0 1 1010 3782 241
0 1 1010 3782 172
0 1 1794 1033 2883
0 1 1795 1266 2527
