MAM MDM
139 789 2 0
141 1755 2 0
12 1024 2 0
12 1112 2 0
12 1335 2 0
12 144 4 0
12 167 2 0
12 140 4 0
12 299 4 0
12 663 4 0
12 320 2 0
12 391 2 0
12 1755 2 0
70 1818 2 0
70 3 4 0
70 62 4 0
70 52 4 0
70 1862 2 0
70 1939 2 0
20 216 2 0
1 1263 2 0
1804 1844 1 0
1804 1887 1 0
3 70 4 0
3 62 12 0
3 1848 2 0
4 6 4 0
4 1816 30 0
4 61 4 0
4 65 4 0
4 1479 2 0
4 63 4 0
4 1313 2 0
4 1914 2 0
4 1906 2 0
4 1838 2 0
4 103 8 0
4 108 4 0
4 801 2 0
6 55 4 0
6 807 2 0
6 4 4 0
6 1816 2 0
6 61 4 0
6 65 4 0
6 364 2 0
6 400 2 0
6 1850 4 0
6 149 16 0
6 664 2 0
6 1810 2 0
7 47 4 0
7 154 4 0
7 344 2 0
8 25 4 0
8 326 2 0
8 663 2 0
8 111 4 0
9 701 4 0
9 36 4 0
9 110 4 0
9 344 2 0
10 317 2 0
11 1818 6 0
11 1848 2 0
11 108 4 0
11 1907 2 0
11 16 4 0
11 33 4 0
11 540 2 0
11 625 2 0
11 26 4 0
11 74 4 0
11 92 4 0
11 95 4 0
11 1467 2 0
13 1960 2 0
14 1808 2 0
14 33 4 0
14 47 4 0
14 56 4 0
14 83 4 0
14 140 4 0
14 624 2 0
14 233 4 0
14 321 2 0
14 322 2 0
14 528 2 0
14 539 2 0
14 789 4 0
14 843 4 0
14 852 2 0
16 26 4 0
16 540 6 0
16 663 2 0
16 83 4 0
16 852 2 0
16 252 4 0
16 1828 2 0
16 74 4 0
16 82 4 0
16 539 2 0
16 625 4 0
16 11 4 0
16 33 4 0
17 1817 8 0
17 1962 2 0
17 377 2 0
17 1842 2 0
17 1810 4 0
17 28 8 0
17 1879 4 0
17 46 4 0
17 1929 4 0
17 528 2 0
18 1821 90 0
18 1820 2 0
18 1809 12 0
18 1811 4 0
18 1865 2 0
19 35 4 0
19 256 2 0
19 539 2 0
19 452 2 0
19 793 2 0
19 1004 2 0
19 1173 4 0
19 243 2 0
19 504 2 0
19 999 2 0
19 246 2 0
19 412 2 0
19 694 2 0
24 246 2 0
24 1002 2 0
24 162 2 0
24 476 2 0
1808 36 2 0
1808 96 2 0
1808 115 6 0
1808 72 2 0
1808 58 2 0
1808 296 1 0
1808 14 2 0
1808 33 4 0
1808 47 2 0
1808 56 2 0
1808 83 6 0
1808 140 2 0
1808 624 1 0
1808 233 3 0
1808 321 3 0
1808 322 3 0
1808 528 3 0
1808 539 1 0
1808 789 1 0
1808 843 1 0
1808 852 1 0
1809 18 12 0
1809 1821 5 0
1809 1086 1 0
1809 1811 3 0
1809 1865 3 0
1810 28 18 0
1810 1817 21 0
1810 1879 8 0
1810 309 3 0
1810 17 4 0
1810 46 4 0
1810 63 2 0
1810 1816 1 0
1810 6 2 0
1810 1850 1 0
1810 149 4 0
1810 1326 1 0
1810 1833 1 0
1810 1848 1 0
1810 1929 1 0
1811 1813 26 0
1811 1865 29 0
1811 1809 3 0
1811 18 4 0
1811 1821 2 0
1811 1823 15 0
1811 1884 2 0
1811 1853 10 0
1811 1824 1 0
1811 1849 6 0
25 35 8 0
25 624 2 0
25 34 4 0
25 115 4 0
25 144 4 0
25 321 4 0
25 330 4 0
25 539 2 0
25 625 2 0
25 852 2 0
25 8 4 0
25 326 8 0
25 663 2 0
25 737 2 0
26 11 4 0
26 1818 2 0
26 74 4 0
26 92 4 0
26 16 4 0
26 540 2 0
26 663 2 0
26 1743 2 0
26 107 4 0
26 302 2 0
26 244 2 0
1812 126 2 0
1812 1819 3 0
1812 1917 1 0
1812 1956 1 0
1812 801 1 0
1812 1904 2 0
1812 1326 1 0
1812 28 2 0
1812 46 2 0
1812 117 2 0
28 1810 18 0
28 1817 32 0
28 1879 18 0
28 309 8 0
28 1833 2 0
28 106 4 0
28 1326 2 0
28 1816 4 0
28 1921 2 0
28 17 8 0
28 1812 2 0
28 46 4 0
28 117 4 0
28 65 4 0
28 1914 2 0
28 319 2 0
28 807 2 0
28 1819 4 0
28 126 4 0
28 1917 2 0
29 144 4 0
29 413 2 0
29 741 2 0
1813 1811 26 0
1813 1823 11 0
1813 1853 11 0
1813 1865 7 0
31 735 2 0
31 1766 2 0
31 1000 2 0
31 423 2 0
31 1546 2 0
31 1064 2 0
31 260 2 0
33 14 4 0
33 1808 4 0
33 47 4 0
33 56 8 0
33 83 4 0
33 140 4 0
33 624 2 0
33 233 4 0
33 321 2 0
33 322 4 0
33 528 2 0
33 539 6 0
33 789 4 0
33 843 6 0
33 852 4 0
33 299 2 0
33 326 4 0
33 344 4 0
33 11 4 0
33 16 4 0
33 540 2 0
33 625 2 0
33 72 4 0
33 223 2 0
1816 28 4 0
1816 1817 5 0
1816 1879 2 0
1816 1921 1 0
1816 309 1 0
1816 1810 1 0
1816 46 2 0
1816 1896 1 0
1816 4 30 0
1816 6 2 0
1816 61 2 0
1816 65 4 0
1816 1904 9 0
1816 1914 3 0
1816 319 3 0
1816 807 1 0
1817 1810 21 0
1817 28 32 0
1817 1879 19 0
1817 1852 3 0
1817 106 4 0
1817 1833 1 0
1817 1816 5 0
1817 17 8 0
1817 1326 2 0
1817 69 2 0
1817 309 6 0
1817 1892 1 0
1817 312 1 0
1817 1962 1 0
1817 377 1 0
1817 46 2 0
1817 1921 1 0
1817 103 2 0
1817 1662 1 0
1817 63 2 0
1817 61 2 0
1817 149 2 0
1818 801 1 0
1818 1838 2 0
1818 1848 3 0
1818 70 2 0
1818 11 6 0
1818 101 4 0
1818 95 2 0
1818 1889 1 0
1818 108 4 0
1818 1907 2 0
1818 26 2 0
1818 74 2 0
1818 92 2 0
1818 1857 2 0
1818 239 1 0
1818 1467 1 0
34 191 2 0
34 464 2 0
34 843 2 0
34 1799 2 0
34 25 4 0
34 115 4 0
34 144 4 0
34 321 2 0
34 330 2 0
34 539 2 0
34 625 2 0
34 852 2 0
34 740 2 0
34 699 2 0
35 19 4 0
35 256 2 0
35 539 2 0
35 25 8 0
37 624 2 0
37 789 2 0
1819 1662 2 0
1819 28 4 0
1819 126 4 0
1819 1914 2 0
1819 400 1 0
1819 103 4 0
1819 108 12 0
1819 61 4 0
1819 41 2 0
1819 309 1 0
1819 1886 1 0
1819 1904 1 0
1819 1812 3 0
1819 1917 1 0
1820 18 2 0
1820 1821 1 0
1821 18 90 0
1821 1809 5 0
1821 1086 1 0
1821 1811 2 0
1821 1849 2 0
1821 1820 1 0
41 1819 2 0
41 61 8 0
41 108 4 0
41 309 2 0
41 59 4 0
41 117 4 0
1823 1824 11 0
1823 1865 4 0
1823 1853 4 0
1823 1884 1 0
1823 1811 15 0
1823 1813 11 0
1823 1849 19 0
1824 1823 11 0
1824 1865 2 0
1824 1811 1 0
1824 1849 5 0
1824 1853 3 0
1824 1884 1 0
42 1627 2 0
1825 95 2 0
1825 1939 1 0
1825 1467 1 0
1826 1164 1 0
43 1857 2 0
43 111 4 0
1828 16 2 0
1828 74 2 0
1828 82 2 0
1828 539 1 0
1828 625 1 0
45 305 2 0
45 554 2 0
45 186 2 0
45 264 2 0
46 1812 2 0
46 28 4 0
46 117 4 0
46 1810 4 0
46 1816 2 0
46 57 4 0
46 1877 2 0
46 17 4 0
46 1817 2 0
46 1879 2 0
47 115 4 0
47 840 2 0
47 326 4 0
47 14 4 0
47 1808 2 0
47 33 4 0
47 56 8 0
47 83 4 0
47 140 4 0
47 624 2 0
47 233 2 0
47 321 2 0
47 322 2 0
47 528 2 0
47 539 2 0
47 789 2 0
47 843 2 0
47 852 2 0
47 7 4 0
47 1192 2 0
47 107 4 0
47 299 2 0
47 795 2 0
48 1120 2 0
49 60 28 12
49 71 4 0
49 911 2 0
49 810 2 0
49 1450 4 0
49 1867 2 0
49 574 2 0
49 224 2 0
36 9 4 0
36 110 4 0
36 1808 2 0
36 96 4 0
36 115 4 0
36 1155 2 0
36 552 2 0
36 469 2 0
1833 1817 1 0
1833 1857 1 0
1833 63 2 0
1833 1810 1 0
1833 1848 2 0
1833 1929 1 0
1833 87 2 0
1833 252 1 0
1833 28 2 0
1833 106 2 0
1833 1921 1 0
1836 1280 1 0
52 70 4 0
52 1862 2 0
52 83 4 0
53 346 2 0
54 1731 2 0
1838 1818 2 0
1838 4 2 0
1838 103 2 0
1838 108 4 0
1838 801 1 0
1838 69 4 0
1838 1857 2 0
1838 1907 2 0
55 6 4 0
55 807 2 0
56 14 4 0
56 1808 2 0
56 33 8 0
56 47 8 0
56 83 4 0
56 140 4 0
56 624 2 0
56 233 4 0
56 321 2 0
56 322 2 0
56 528 2 0
56 539 4 0
56 789 4 0
56 843 4 0
56 852 4 0
56 299 4 0
56 326 4 0
56 344 2 0
56 107 4 0
56 795 2 0
56 254 4 0
57 46 4 0
57 1877 6 0
57 108 4 0
57 1904 2 0
58 1808 2 0
58 296 2 0
58 245 2 0
59 41 4 0
59 117 4 0
60 49 28 12
60 1450 2 0
60 911 4 0
60 810 2 0
60 90 16 0
60 552 4 0
60 574 2 0
60 224 2 0
60 71 4 0
60 1855 2 0
60 290 4 0
60 322 4 0
61 4 4 0
61 6 4 0
61 1816 2 0
61 65 4 0
61 82 4 0
61 1313 2 0
61 807 2 0
61 1819 4 0
61 1914 2 0
61 41 8 0
61 108 4 0
61 309 2 0
61 1817 2 0
61 1879 2 0
61 69 4 0
61 1877 2 0
1842 69 2 0
1842 103 2 0
1842 82 2 0
1842 108 2 0
1842 126 2 0
1842 1848 1 0
1842 17 2 0
1843 69 2 0
1844 1887 4 0
1844 1895 1 0
1844 1900 1 0
1844 1804 1 0
1845 1946 2 0
62 70 4 0
62 3 12 0
62 1848 6 0
62 1947 2 0
1846 100 4 0
63 4 4 0
63 1313 2 0
63 1810 2 0
63 1817 2 0
63 1833 2 0
1848 1833 2 0
1848 252 1 0
1848 11 2 0
1848 1818 3 0
1848 108 2 0
1848 1907 1 0
1848 1857 2 0
1848 239 1 0
1848 1467 1 0
1848 62 6 0
1848 1947 1 0
1848 559 1 0
1848 95 2 0
1848 397 1 0
1848 1842 1 0
1848 1810 1 0
1848 1929 1 0
1848 3 2 0
65 4 4 0
65 6 4 0
65 1816 4 0
65 61 4 0
65 82 4 0
65 28 4 0
65 1914 2 0
65 319 2 0
65 807 2 0
1849 1823 19 0
1849 1824 5 0
1849 1865 8 0
1849 1853 4 0
1849 1811 6 0
1849 1821 2 0
66 835 4 0
1850 6 4 0
1850 1810 1 0
1850 149 8 0
67 275 2 0
1851 1370 1 0
1852 1817 3 0
1852 106 2 0
1853 1813 11 0
1853 1811 10 0
1853 1884 4 0
1853 1823 4 0
1853 1824 3 0
1853 1849 4 0
1853 1865 5 0
1853 883 1 0
68 757 2 0
68 1529 2 0
69 61 4 0
69 1842 2 0
69 103 4 0
69 1817 2 0
69 1838 4 0
69 1857 2 0
69 1907 2 0
69 1843 2 0
69 92 4 0
69 108 4 0
1855 505 2 0
1855 211 1 0
1855 317 2 0
1855 60 2 0
1855 90 2 0
1855 1701 1 0
71 1154 2 0
71 49 4 0
71 60 4 0
72 1759 2 0
72 99 4 0
72 144 4 0
72 1402 2 0
72 591 2 0
72 1808 2 0
72 33 4 0
72 223 2 0
72 322 2 0
72 326 2 0
72 344 2 0
72 539 2 0
72 843 2 0
1857 1848 2 0
1857 43 2 0
1857 1833 1 0
1857 1818 2 0
1857 1838 2 0
1857 108 2 0
1857 1907 2 0
1857 69 2 0
1857 239 1 0
1857 1467 1 0
1857 670 1 0
1857 82 2 0
74 11 4 0
74 26 4 0
74 1818 2 0
74 92 4 0
74 16 4 0
74 1828 2 0
74 82 4 0
74 539 2 0
74 625 2 0
1862 70 2 0
1862 52 2 0
1865 1811 29 0
1865 1849 8 0
1865 1853 5 0
1865 18 2 0
1865 1809 3 0
1865 1884 2 0
1865 1813 7 0
1865 1823 4 0
1865 1824 2 0
1867 665 1 0
1867 157 1 0
1867 49 2 0
1867 574 1 0
77 386 2 0
77 794 2 0
79 599 2 0
79 701 2 0
80 280 2 0
80 343 2 0
82 1857 2 0
82 16 4 0
82 1828 2 0
82 74 4 0
82 539 2 0
82 625 2 0
82 1842 2 0
82 108 4 0
82 126 4 0
82 1904 2 0
82 61 4 0
82 1313 2 0
82 807 2 0
82 65 4 0
83 52 4 0
83 16 4 0
83 852 4 0
83 96 4 0
83 391 2 0
83 663 4 0
83 14 4 0
83 1808 6 0
83 33 4 0
83 47 4 0
83 56 4 0
83 140 4 0
83 624 2 0
83 233 4 0
83 321 4 0
83 322 4 0
83 528 4 0
83 539 2 0
83 789 2 0
83 843 2 0
1871 1878 3 0
1873 1946 2 0
85 1478 2 0
85 1432 2 0
1875 1885 1 0
1875 1894 1 0
1875 1895 1 0
1875 1900 1 0
1875 1925 1 0
1875 1926 1 0
1875 1936 1 0
87 1833 2 0
1877 46 2 0
1877 57 6 0
1877 108 2 0
1877 1904 1 0
1877 61 2 0
1878 1871 3 0
1879 1810 8 0
1879 28 18 0
1879 1817 19 0
1879 309 2 0
1879 61 2 0
1879 1816 2 0
1879 1921 1 0
1879 1326 1 0
1879 17 4 0
1879 46 2 0
1881 1109 1 0
89 663 2 0
89 233 4 0
89 789 4 0
90 60 16 0
90 224 2 0
90 911 2 0
90 290 6 0
90 1855 2 0
90 552 4 0
90 574 4 0
1884 1865 2 0
1884 1823 1 0
1884 1824 1 0
1884 1853 4 0
1884 1811 2 0
1885 1875 1 0
1885 1894 1 0
1885 1895 1 0
1885 1900 1 0
1885 1925 1 0
1885 1926 1 0
1885 1936 1 0
92 1907 4 0
92 11 4 0
92 26 4 0
92 1818 2 0
92 74 4 0
92 1906 2 0
92 312 2 0
92 69 4 0
92 108 4 4
93 1021 2 0
1886 1819 1 0
1886 1904 1 0
1886 103 2 0
95 1825 2 0
95 1939 2 0
95 1467 4 0
95 1818 2 0
95 1889 2 0
95 1848 2 0
95 397 2 0
95 11 4 0
96 539 2 0
96 870 2 0
96 1808 2 0
96 36 4 0
96 115 4 0
96 83 4 0
96 391 2 0
1887 1844 4 0
1887 1804 1 0
1889 1818 1 0
1889 95 2 0
99 72 4 0
99 276 4 0
99 994 4 0
1892 1817 1 0
1892 1921 1 0
100 1062 4 0
100 1846 4 0
1894 1895 3 0
1894 1875 1 0
1894 1885 1 0
1894 1900 2 0
1894 1925 1 0
1894 1926 1 0
1894 1936 1 0
1895 1894 3 0
1895 1875 1 0
1895 1885 1 0
1895 1900 4 0
1895 1925 1 0
1895 1926 1 0
1895 1936 1 0
1895 1844 1 0
1896 1816 1 0
1896 126 4 0
1896 1904 1 0
1896 1236 1 0
101 1818 4 0
103 4 8 0
103 1838 2 0
103 108 8 0
103 801 2 0
103 1886 2 0
103 1819 4 0
103 1904 2 0
103 1817 2 0
103 1662 2 0
103 1842 2 0
103 69 4 0
105 1560 2 0
105 250 2 0
106 28 4 0
106 1817 4 0
106 309 2 0
106 1326 2 0
106 1479 2 0
106 364 2 0
106 1852 2 0
106 1833 2 0
106 1921 2 0
107 26 4 0
107 624 2 0
107 344 2 0
107 412 2 0
107 528 2 0
107 852 2 0
107 656 2 0
107 47 4 0
107 56 4 0
107 299 2 0
107 326 2 0
107 795 2 0
108 4 4 0
108 1838 4 0
108 103 8 0
108 801 2 0
108 126 12 0
108 1906 4 0
108 1842 2 0
108 82 4 0
108 11 4 0
108 1818 4 0
108 1848 2 0
108 1907 4 0
108 330 2 0
108 57 4 0
108 1877 2 0
108 1904 10 0
108 1819 12 0
108 1917 2 0
108 332 2 0
108 69 4 0
108 92 4 4
108 41 4 0
108 61 4 0
108 309 2 0
108 1857 2 0
1900 1875 1 0
1900 1885 1 0
1900 1894 2 0
1900 1895 4 0
1900 1925 1 0
1900 1926 1 0
1900 1936 1 0
1900 1844 1 0
109 828 2 0
110 9 4 0
110 36 4 0
110 663 2 0
1904 1906 1 0
1904 664 1 0
1904 807 1 0
1904 103 2 0
1904 1819 1 0
1904 1886 1 0
1904 108 10 0
1904 1917 1 0
1904 332 1 0
1904 1896 1 0
1904 126 2 0
1904 1236 2 0
1904 1812 2 0
1904 57 2 0
1904 1877 1 0
1904 82 2 0
1904 1816 9 0
1904 117 2 0
1906 108 4 0
1906 1904 1 0
1906 664 1 0
1906 807 1 0
1906 4 2 0
1906 92 2 0
1907 11 2 0
1907 1818 2 0
1907 1848 1 0
1907 108 4 0
1907 92 4 0
1907 1838 2 0
1907 1857 2 0
1907 69 2 0
1907 312 1 0
111 43 4 0
111 8 4 0
111 742 2 0
1910 717 1 0
115 1808 6 0
115 36 4 0
115 96 4 0
115 25 4 0
115 34 4 0
115 144 4 0
115 321 2 0
115 330 2 0
115 539 2 0
115 625 2 0
115 852 2 0
115 47 4 0
115 840 2 0
1911 1920 3 0
104 665 2 0
104 386 2 2
116 1742 2 0
117 41 4 0
117 59 4 0
117 1904 2 0
117 1236 2 0
117 1812 2 0
117 28 4 0
117 46 4 0
1914 28 2 0
1914 1816 3 0
1914 65 2 0
1914 319 1 0
1914 807 1 0
1914 1819 2 0
1914 400 1 0
1914 126 2 0
1914 650 2 0
1914 4 2 0
1914 1917 1 0
1914 312 1 0
1914 61 2 0
1917 28 2 0
1917 108 2 0
1917 1904 1 0
1917 332 2 0
1917 1914 1 0
1917 312 1 0
1917 126 2 0
1917 1812 1 0
1917 1819 1 0
1918 1326 1 0
1920 1911 3 0
1921 28 2 0
1921 1816 1 0
1921 1817 1 0
1921 1879 1 0
1921 1833 1 0
1921 106 2 0
1921 1892 1 0
1925 1875 1 0
1925 1885 1 0
1925 1894 1 0
1925 1895 1 0
1925 1900 1 0
1925 1926 1 0
1925 1936 1 0
1926 1875 1 0
1926 1885 1 0
1926 1894 1 0
1926 1895 1 0
1926 1900 1 0
1926 1925 1 0
1926 1936 1 0
1929 17 4 0
1929 1810 1 0
1929 1833 1 0
1929 1848 1 0
122 1676 6 0
122 135 4 0
125 1367 2 0
126 1896 4 0
126 1812 2 0
126 1904 2 0
126 1236 4 0
126 844 2 0
126 1917 2 0
126 108 12 0
126 1842 2 0
126 82 4 0
126 1914 2 0
126 650 2 0
126 28 4 0
126 1819 4 0
128 762 2 0
128 1514 2 0
1931 1935 1 0
1935 1931 1 0
133 1669 2 0
133 1407 2 0
1936 1875 1 0
1936 1885 1 0
1936 1894 1 0
1936 1895 1 0
1936 1900 1 0
1936 1925 1 0
1936 1926 1 0
135 122 4 0
135 1676 2 0
1939 1825 1 0
1939 95 2 0
1939 1467 1 0
1939 292 1 0
1939 70 2 0
1939 1110 1 0
1941 374 1 0
1946 1873 2 0
1946 1845 2 0
1947 62 2 0
1947 1848 1 0
1956 1812 1 0
1960 13 2 0
1962 17 2 0
1962 1817 1 0
1962 377 1 0
140 14 4 0
140 1808 2 0
140 33 4 0
140 47 4 0
140 56 4 0
140 83 4 0
140 624 2 0
140 233 2 0
140 321 2 0
140 322 2 0
140 528 2 0
140 539 2 0
140 789 2 0
140 843 2 0
140 852 2 0
140 1509 2 0
140 12 4 0
140 299 2 0
140 663 2 0
144 25 4 0
144 34 4 0
144 115 4 0
144 321 2 0
144 330 2 0
144 539 2 0
144 625 2 0
144 852 2 0
144 29 4 0
144 413 2 0
144 741 2 0
144 1509 2 0
144 12 4 0
144 167 2 0
144 72 4 0
144 1402 2 0
144 591 2 0
146 1316 2 0
147 270 4 0
149 6 16 0
149 1850 8 0
149 1810 4 0
149 1817 2 0
149 664 4 0
305 45 2 0
305 363 1 0
1703 1434 1 0
552 599 1 0
552 663 1 0
552 90 4 0
552 60 4 0
552 574 1 0
552 36 2 0
552 469 1 0
218 504 1 0
218 999 1 0
1531 1046 1 0
1531 1138 1 0
1413 1226 1 0
1062 100 4 0
1062 1371 1 0
1546 1222 1 0
1546 1743 1 0
1546 31 2 0
1276 550 1 0
1276 303 1 0
1148 1384 1 0
1148 469 1 0
1148 818 1 0
478 1184 1 0
478 1004 1 0
624 107 2 0
624 344 1 0
624 412 1 0
624 528 2 0
624 852 2 0
624 37 2 0
624 789 2 0
624 25 2 0
624 14 2 0
624 1808 1 0
624 33 2 0
624 47 2 0
624 56 2 0
624 83 2 0
624 140 2 0
624 233 1 0
624 321 1 0
624 322 1 0
624 539 1 0
624 843 1 0
161 896 1 0
1479 106 2 0
1479 364 1 0
1479 4 2 0
1134 1540 1 0
1134 1139 1 0
1134 1300 1 0
934 791 1 0
154 7 4 0
154 344 1 0
154 663 1 0
1229 784 1 0
1715 296 1 0
1063 1644 1 0
1063 1420 1 1
1063 1434 1 0
1063 1012 1 0
1716 701 1 0
1717 701 1 0
1718 1106 1 0
1022 1178 1 0
531 271 3 0
191 34 2 0
1731 54 2 0
1731 1343 1 0
1173 1068 1 0
1173 1076 1 0
1173 19 4 0
1173 243 1 0
1173 504 1 0
1173 999 1 0
1173 694 1 0
1046 1531 1 0
1046 1138 1 0
260 31 2 0
260 1402 1 0
223 33 2 0
223 72 2 0
223 322 3 0
223 326 1 0
223 344 2 0
223 539 1 0
223 843 2 0
1746 1484 1 0
1024 12 2 0
1024 1112 1 0
1024 1335 1 0
992 252 1 0
992 637 1 0
1027 1766 1 0
1027 815 1 0
495 1795 1 0
1018 1087 1 0
1000 1227 1 0
1000 31 2 0
1000 423 1 0
1034 1335 1 0
1028 701 1 0
1069 1154 1 0
1042 1109 10 1
1042 1108 6 1
1042 1425 4 0
1042 1401 1 0
879 719 2 1
1011 574 1 0
1012 1063 1 0
1014 1196 1 0
1015 1498 1 0
1017 1738 1 0
1021 93 2 0
1026 1540 1 0
157 1867 1 0
1029 1222 1 0
1031 1038 1 0
158 724 1 1
1032 1305 1 0
1032 1163 1 0
1033 1137 2 0
1035 1756 1 0
1035 1601 1 0
1038 1031 1 0
1039 1052 1 0
1039 1178 1 0
160 367 1 0
162 24 2 0
162 476 1 0
164 724 1 0
165 314 1 0
166 1049 1 0
1049 1082 1 0
1049 314 1 0
1049 166 1 0
1050 1315 1 0
1050 529 1 0
1050 1279 1 0
1052 1039 1 0
1052 1178 1 0
167 1756 1 0
167 12 2 0
167 144 2 0
1053 1227 1 0
1053 1447 1 0
1056 282 1 0
172 1110 1 0
1064 31 2 0
1066 1447 1 0
1068 1173 1 0
1068 1076 1 0
1070 1084 1 0
1070 1790 1 0
175 637 1 0
1071 1357 1 0
176 994 2 1
1073 1447 1 0
1076 1146 1 0
1076 1173 1 0
1076 1068 1 0
1079 313 1 0
178 225 1 0
179 252 1 0
179 503 1 0
179 598 2 0
179 212 1 0
180 517 1 0
180 591 1 0
180 391 1 0
180 637 1 0
1082 1049 1 0
1083 1106 1 0
1084 1070 1 0
1085 540 1 0
1086 1821 1 0
1086 1809 1 0
1087 1018 1 0
1088 1799 1 0
1096 1584 1 0
1097 1216 1 0
186 1701 1 0
186 45 2 0
186 264 1 0
1099 579 1 0
188 317 1 0
189 1384 1 0
189 945 1 0
1103 276 1 0
192 996 1 0
1106 1718 1 0
1106 1083 1 0
1108 1042 6 1
1108 1109 6 1
1108 1425 3 0
1109 1042 10 1
1109 1108 6 1
1109 1425 4 0
1109 1401 1 0
1109 1881 1 0
1110 1939 1 0
1110 1561 2 0
1110 172 1 0
1111 999 1 0
1112 12 2 0
1112 1024 1 0
1112 1335 1 0
1114 362 1 0
1115 231 1 0
1115 350 1 0
196 701 1 0
196 598 1 0
1119 211 1 0
1120 48 2 0
1121 1618 1 0
1122 572 1 0
201 1335 1 0
1128 1336 1 0
206 719 1 2
211 1855 1 0
211 317 1 0
211 505 1 0
211 773 1 0
211 1119 1 0
212 598 1 0
212 179 1 0
1135 1492 1 0
1135 350 1 0
1137 1033 2 0
1138 618 1 0
1138 1531 1 0
1138 1046 1 0
1138 1343 1 0
1139 1134 1 0
1145 1524 1 0
1146 1076 1 0
1146 770 1 0
216 20 2 0
217 589 1 0
1149 1279 1 0
224 60 2 0
224 90 2 0
224 911 1 0
224 49 2 0
224 1450 1 0
225 178 1 0
225 701 1 0
1154 1069 1 0
1154 71 2 0
1155 36 2 0
231 1115 1 0
231 350 2 0
233 14 4 0
233 1808 3 0
233 33 4 0
233 47 2 0
233 56 4 0
233 83 4 0
233 140 2 0
233 624 1 0
233 321 2 0
233 322 2 0
233 528 2 0
233 539 3 0
233 789 9 0
233 843 4 0
233 852 2 0
233 299 1 0
233 326 2 0
233 344 2 0
233 89 4 0
233 363 1 0
1163 1032 1 0
1163 1781 1 0
1164 1826 1 0
237 344 1 0
239 1818 1 0
239 1848 1 0
239 1857 1 0
239 1467 1 0
242 885 1 0
243 19 2 0
243 1173 1 0
243 504 1 0
243 999 1 0
1178 1447 1 0
1178 403 1 0
1178 1039 1 0
1178 1052 1 0
1178 1022 1 0
244 26 2 0
244 840 1 0
245 58 2 0
1179 1222 1 0
1179 1517 1 0
246 391 1 0
246 539 1 0
246 625 1 0
246 19 2 0
246 412 1 0
246 24 2 0
246 1002 1 0
246 503 1 0
1183 1674 1 0
1184 478 1 0
1184 1004 1 0
250 105 2 0
1186 1759 1 0
252 730 1 0
252 391 1 0
252 16 4 0
252 1833 1 0
252 1848 1 0
252 992 1 0
252 637 1 0
252 179 1 0
252 503 1 0
252 598 1 0
252 452 2 0
253 719 2 1
254 56 4 0
256 19 2 0
256 35 2 0
256 539 1 0
1192 974 1 0
1192 47 2 0
1196 1433 1 0
1196 1014 1 0
264 45 2 0
264 186 1 0
264 665 3 0
266 1572 1 0
270 147 4 0
271 531 3 0
271 540 2 0
1207 527 1 0
1208 833 1 0
1211 751 1 0
275 67 2 0
276 99 4 0
276 994 2 0
276 1103 1 0
1216 1097 1 0
1218 1293 1 0
277 514 1 1
1220 866 1 0
280 80 2 0
282 1056 1 0
1222 1546 1 0
1222 1743 1 0
1222 1179 1 0
1222 1517 1 0
1222 1029 1 0
285 1512 1 0
285 538 1 0
285 598 1 0
285 701 1 0
1226 1413 1 0
1227 1053 1 0
1227 314 1 0
1227 435 1 0
1227 1339 1 0
1227 1795 1 0
1227 1000 1 0
292 1790 1 0
292 1939 1 0
1231 1384 1 0
296 1808 1 0
296 58 2 0
296 1715 1 0
298 656 1 0
299 540 1 0
299 12 4 0
299 140 2 0
299 663 2 0
299 33 2 0
299 56 4 0
299 233 1 0
299 326 3 0
299 344 1 0
299 539 1 0
299 789 1 0
299 843 1 0
299 852 1 0
299 47 2 0
299 107 2 0
299 795 1 0
1235 1538 1 0
1236 1313 1 0
1236 650 1 0
1236 1896 1 0
1236 1904 2 0
1236 126 4 0
1236 117 2 0
1236 844 1 0
300 1009 1 0
1240 938 1 0
1240 1795 1 0
302 26 2 0
303 1276 1 0
1244 779 1 0
1247 1351 1 0
1247 1683 1 0
306 875 1 0
1249 784 1 0
307 663 1 0
309 1810 3 0
309 28 8 0
309 1817 6 0
309 1879 2 0
309 1816 1 0
309 106 2 0
309 1326 1 0
309 1819 1 0
309 41 2 0
309 61 2 0
309 108 2 0
312 1914 1 0
312 1917 1 0
312 1467 1 0
312 92 2 0
312 1907 1 0
312 1817 1 0
313 1079 1 0
314 165 1 0
314 1049 1 0
314 1781 1 0
314 1227 1 0
314 435 1 0
314 1339 1 0
317 188 1 0
317 1855 2 0
317 211 1 0
317 10 2 0
317 665 1 0
317 327 1 0
319 28 2 0
319 1816 3 0
319 65 2 0
319 1914 1 0
319 807 1 0
320 12 2 0
320 589 1 0
321 14 2 0
321 1808 3 0
321 33 2 0
321 47 2 0
321 56 2 0
321 83 4 0
321 140 2 0
321 624 1 0
321 233 2 0
321 322 2 0
321 528 3 0
321 539 2 0
321 789 1 0
321 843 2 0
321 852 2 0
321 25 4 0
321 34 2 0
321 115 2 0
321 144 2 0
321 330 2 0
321 625 1 0
322 14 2 0
322 1808 3 0
322 33 4 0
322 47 2 0
322 56 2 0
322 83 4 0
322 140 2 0
322 624 1 0
322 233 2 0
322 321 2 0
322 528 3 0
322 539 2 0
322 789 1 0
322 843 2 0
322 852 1 0
322 60 4 0
322 72 2 0
322 223 3 0
322 326 1 0
322 344 2 0
322 540 1 0
1257 1636 1 0
1257 1431 1 0
1257 1347 1 0
1257 1558 1 0
1258 762 1 0
1258 1543 1 0
325 811 1 0
326 47 4 0
326 1010 1 0
326 33 4 0
326 56 4 0
326 233 2 0
326 299 3 0
326 344 3 0
326 539 2 0
326 789 2 0
326 843 3 0
326 852 1 0
326 8 2 0
326 25 8 0
326 663 1 0
326 72 2 0
326 223 1 0
326 322 1 0
326 107 2 0
326 795 1 0
327 317 1 0
330 108 2 0
330 437 2 0
330 377 1 0
330 721 1 0
330 25 4 0
330 34 2 0
330 115 2 0
330 144 2 0
330 321 2 0
330 539 1 0
330 625 1 0
330 852 1 0
1263 1 2 0
332 1917 2 0
332 108 2 0
332 1904 1 0
1265 1285 1 0
335 352 1 1
1269 1510 1 0
338 358 1 0
338 712 1 0
339 348 1 0
1277 1473 1 0
1279 1149 1 0
1279 449 1 0
1279 1050 1 0
341 666 1 0
1280 1836 1 0
343 80 2 0
343 559 3 0
343 620 1 0
344 33 4 0
344 56 2 0
344 233 2 0
344 299 1 0
344 326 3 0
344 539 2 0
344 789 2 0
344 843 3 0
344 852 2 0
344 7 2 0
344 154 1 0
344 72 2 0
344 223 2 0
344 322 2 0
344 107 2 0
344 624 1 0
344 412 1 0
344 528 2 0
344 663 2 0
344 1759 1 0
344 9 2 0
344 699 2 0
344 237 1 0
1283 1577 1 0
1284 1282 2 1
1284 1658 2 0
1284 1626 1 0
1284 1285 1 0
1285 1659 1 2
1285 1581 2 2
1285 1284 1 0
1285 1265 1 0
1285 1282 1 0
346 53 2 0
346 865 1 0
348 339 1 0
349 700 1 0
350 1135 1 0
350 1115 1 0
350 231 2 0
1288 1488 1 0
1288 1358 1 0
1289 1448 1 0
352 335 1 1
1291 1768 1 0
354 865 1 0
355 608 1 0
358 338 1 0
358 712 1 1
304 662 1 1
1293 1218 1 0
360 1390 2 2
362 1114 1 0
363 233 1 0
363 305 1 0
364 6 2 0
364 106 2 0
364 1479 1 0
1297 1348 1 1
367 160 1 0
1300 1304 1 0
1300 1609 1 0
1300 1134 1 0
1300 1420 1 0
374 1941 1 0
1301 1591 1 0
377 721 2 0
377 1326 1 0
377 17 2 0
377 1817 1 0
377 1962 1 0
377 330 1 0
383 381 1 0
1302 873 1 0
1282 1285 1 0
1282 1284 2 1
1282 1658 1 0
1282 1576 1 0
386 77 2 0
386 104 2 2
1304 1300 1 0
1304 1609 1 0
1305 1795 1 0
1305 1524 1 0
1305 1032 1 0
391 12 2 0
391 246 1 0
391 539 1 0
391 625 1 0
391 252 1 0
391 180 1 0
391 637 1 0
391 492 1 0
391 83 2 0
391 96 2 0
1308 393 1 0
393 1308 1 0
1311 804 2 0
1313 61 2 0
1313 82 2 0
1313 807 1 2
1313 1236 1 0
1313 650 1 0
1313 4 2 0
1313 63 2 0
396 401 3 1
397 1848 1 0
397 95 2 0
398 409 1 0
400 6 2 0
400 1819 1 0
400 1914 1 0
401 396 3 1
193 649 1 0
1315 1050 1 0
1315 529 2 0
1316 146 2 0
1316 474 1 0
402 677 1 0
409 398 1 0
412 19 2 0
412 246 1 0
412 107 2 0
412 624 1 0
412 344 1 0
412 528 1 0
412 852 1 0
381 383 1 0
413 29 2 0
413 144 2 0
413 741 1 0
1322 1358 1 0
416 741 1 0
416 1429 1 0
1324 1475 1 0
420 732 1 0
423 31 2 0
423 1000 1 0
1326 1810 1 0
1326 1817 2 0
1326 1879 1 0
1326 1812 1 0
1326 377 1 0
1326 1918 1 0
1326 28 2 0
1326 106 2 0
1326 309 1 0
430 1664 1 0
1335 12 2 0
1335 1024 1 0
1335 1112 1 0
1335 1034 1 0
1335 201 1 0
1336 1128 1 0
435 1227 1 0
435 314 1 0
435 1339 1 0
1337 1488 1 0
1339 1227 1 0
1339 314 1 0
1339 435 1 0
437 330 2 0
439 473 1 0
443 455 2 0
443 825 1 0
1343 1731 1 0
1343 1138 1 0
446 468 1 0
446 1457 1 0
446 1791 1 0
447 795 1 0
1347 1386 1 0
1347 1257 1 0
1348 1390 2 1
1348 1297 1 1
449 1279 1 0
1351 865 1 0
1351 1247 1 0
452 1384 1 0
452 19 2 0
452 793 2 0
452 1004 1 0
452 252 2 0
455 443 2 0
455 825 1 0
1357 1071 1 0
1358 1288 1 0
1358 1322 1 0
464 34 2 0
464 843 2 0
1361 1599 1 0
468 446 1 0
469 1148 1 0
469 818 1 0
469 36 2 0
469 552 1 0
1363 481 1 2
1363 803 1 1
473 439 1 0
474 1316 1 0
1367 125 2 0
476 24 2 0
476 162 1 0
1370 1851 1 0
1371 1062 1 0
1372 653 1 0
481 1363 1 2
481 803 2 4
487 877 3 0
492 391 1 0
499 867 1 0
503 246 1 0
503 179 1 0
503 252 1 0
503 598 1 0
504 19 2 0
504 1173 1 0
504 243 1 0
504 999 2 0
504 218 1 0
1380 1468 1 0
505 211 1 0
505 773 1 0
505 1855 2 0
505 1701 1 0
1382 1388 2 0
510 549 1 0
1384 1148 1 0
1384 452 1 0
1384 189 1 0
1384 1231 1 0
1384 892 1 0
514 277 1 1
517 180 1 0
517 591 1 0
518 1003 3 1
1386 1529 1 0
1386 1347 1 0
1387 1768 1 0
1388 1382 2 0
1390 1348 2 1
1390 360 2 2
527 1207 1 0
1396 1670 1 0
528 843 3 0
528 17 2 0
528 107 2 0
528 624 2 0
528 344 2 0
528 412 1 0
528 852 2 0
528 14 2 0
528 1808 3 0
528 33 2 0
528 47 2 0
528 56 2 0
528 83 4 0
528 140 2 0
528 233 2 0
528 321 3 0
528 322 3 0
528 539 1 0
528 789 1 0
1401 1042 1 0
1401 1109 1 0
1402 260 1 0
1402 599 1 0
1402 72 2 0
1402 144 2 0
1402 591 1 0
529 1050 1 0
529 1315 2 0
533 800 1 0
538 285 1 0
538 598 1 0
538 701 1 0
1407 133 2 0
539 33 6 0
539 72 2 0
539 223 1 0
539 322 2 0
539 326 2 0
539 344 2 0
539 843 4 0
539 14 2 0
539 1808 1 0
539 47 2 0
539 56 4 0
539 83 2 0
539 140 2 0
539 624 1 0
539 233 3 0
539 321 2 0
539 528 1 0
539 789 3 0
539 852 3 0
539 25 2 0
539 34 2 0
539 115 2 0
539 144 2 0
539 330 1 0
539 625 4 0
539 543 1 0
539 96 2 0
539 870 1 0
539 246 1 0
539 391 1 0
539 299 1 0
539 16 2 0
539 1828 1 0
539 74 2 0
539 82 2 0
539 19 2 0
539 35 2 0
539 256 1 0
540 271 2 0
540 322 1 0
540 1085 1 0
540 16 6 0
540 26 2 0
540 663 1 0
540 11 2 0
540 33 2 0
540 625 1 0
540 299 1 0
543 1605 1 0
543 539 1 0
543 625 1 0
546 1462 1 0
1420 1300 1 0
1420 1063 1 1
549 510 1 0
550 1276 1 0
553 708 1 0
554 45 2 0
554 773 1 0
1425 1042 4 0
1425 1109 4 0
1425 1108 3 0
1429 1605 1 0
1429 1573 1 0
1429 416 1 0
1429 918 1 0
559 343 3 0
559 1848 1 0
559 620 2 0
1431 1257 1 0
1432 85 2 0
1433 1196 1 0
1434 1703 1 0
1434 1063 1 0
567 901 3 0
572 1122 1 0
574 1011 1 0
574 60 2 0
574 90 4 0
574 552 1 0
574 49 2 0
574 1867 1 0
574 290 1 0
1438 919 1 0
579 1099 1 0
582 1010 1 0
583 817 1 1
586 947 1 0
1447 1066 1 0
1447 1053 1 0
1447 1178 1 0
1447 403 1 0
1447 1073 1 0
589 320 1 0
589 217 1 0
1448 1289 1 0
1450 810 1 0
1450 49 4 0
1450 224 1 0
1450 60 2 0
1450 1778 1 0
591 180 1 0
591 517 1 0
591 72 2 0
591 144 2 0
591 1402 1 0
598 663 1 0
598 179 2 0
598 252 1 0
598 503 1 0
598 196 1 0
598 595 1 0
598 768 1 0
598 285 1 0
598 538 1 0
598 701 1 0
598 212 1 0
599 79 2 0
599 701 1 0
599 843 1 0
599 1402 1 0
599 552 1 0
599 663 1 0
605 923 1 0
608 355 1 0
613 1585 1 0
1457 446 1 0
618 1138 1 0
620 343 1 0
620 559 2 0
621 1548 1 0
621 885 1 0
621 1543 1 0
625 25 2 0
625 34 2 0
625 115 2 0
625 144 2 0
625 321 1 0
625 330 1 0
625 539 4 0
625 852 1 0
625 246 1 0
625 391 1 0
625 16 4 0
625 1828 1 0
625 74 2 0
625 82 2 0
625 543 1 0
625 11 2 0
625 33 2 0
625 540 1 0
1461 1474 1 0
1462 546 1 0
1466 1600 1 0
637 180 1 0
637 391 1 0
637 992 1 0
637 252 1 0
637 175 1 0
1467 11 2 0
1467 95 4 0
1467 1818 1 0
1467 1848 1 0
1467 1857 1 0
1467 239 1 0
1467 1825 1 0
1467 1939 1 0
1467 312 1 0
1468 1380 1 0
642 831 1 0
290 60 4 0
290 90 6 0
290 574 1 0
649 193 1 0
649 652 1 0
650 1236 1 0
650 1313 1 0
650 1914 2 0
650 126 2 0
1472 1643 1 0
403 1527 1 0
403 1178 1 0
403 1447 1 0
1473 1508 1 0
1473 1277 1 0
1474 1461 1 0
1475 1324 1 0
1275 575 1 0
653 1372 1 0
1478 85 2 0
656 107 2 0
656 298 1 0
662 304 1 1
663 8 2 0
663 25 2 0
663 326 1 0
663 307 1 0
663 83 4 0
663 12 4 0
663 140 2 0
663 299 2 0
663 110 2 0
663 89 2 0
663 344 2 0
663 598 1 0
663 16 2 0
663 26 2 0
663 540 1 0
663 154 1 0
663 552 1 0
663 599 1 0
664 6 2 0
664 149 4 0
664 1904 1 0
664 1906 1 0
664 807 1 0
665 317 1 0
665 264 3 0
665 104 2 0
665 1867 1 0
1481 850 1 0
666 341 1 0
670 1857 1 0
1484 1746 1 0
671 737 1 0
595 598 1 0
595 768 1 0
1488 1288 1 0
1488 1337 1 0
677 402 1 0
1492 1135 1 0
682 689 1 0
1498 1015 1 0
575 1275 1 0
1500 1787 1 0
689 682 1 0
1504 851 1 0
1508 1473 1 0
1509 144 2 0
1509 140 2 0
694 19 2 0
694 1173 1 0
1510 1269 1 0
698 706 2 1
698 859 1 0
699 344 2 0
699 34 2 0
700 349 1 0
701 285 1 0
701 538 1 0
701 598 1 0
701 196 1 0
701 1716 1 0
701 9 4 0
701 1028 1 0
701 79 2 0
701 599 1 0
701 225 1 0
701 1717 1 0
702 832 1 1
1512 285 1 0
706 698 2 1
706 859 1 0
708 553 1 0
1514 885 1 0
1514 757 1 0
1514 128 2 0
712 338 1 0
712 358 1 1
1517 1179 1 0
1517 1222 1 0
719 206 1 2
719 253 2 1
719 879 2 1
719 1001 2 1
721 330 1 0
721 377 2 0
724 158 1 1
724 889 1 0
724 164 1 0
1524 1145 1 0
1524 1305 1 0
730 252 1 0
732 420 1 0
735 31 2 0
1527 403 1 0
1529 1386 1 0
1529 68 2 0
737 25 2 0
737 671 1 0
740 34 2 0
741 29 2 0
741 144 2 0
741 413 1 0
741 416 1 0
742 111 2 0
1538 1792 1 0
1538 1235 1 0
751 1211 1 0
1540 1134 1 0
1540 1026 1 0
757 68 2 0
757 1648 1 0
757 1514 1 0
1543 1258 1 0
1543 621 1 0
1548 621 1 0
762 1258 1 0
762 1596 1 0
762 128 2 0
768 598 1 0
768 595 1 0
1555 1768 1 0
770 1146 1 0
1558 1257 1 0
773 554 1 0
773 1701 1 0
773 211 1 0
773 505 1 0
1560 105 2 0
779 1244 1 0
784 1249 1 0
784 1229 1 0
1572 266 1 0
1573 1429 1 0
789 139 2 0
789 233 9 0
789 539 3 0
789 843 4 0
789 89 4 0
789 14 4 0
789 1808 1 0
789 33 4 0
789 47 2 0
789 56 4 0
789 83 2 0
789 140 2 0
789 624 2 0
789 321 1 0
789 322 1 0
789 528 1 0
789 852 2 0
789 37 2 0
789 299 1 0
789 326 2 0
789 344 2 0
790 873 2 0
791 934 1 0
1576 1282 1 0
793 19 2 0
793 452 2 0
793 1004 1 0
794 77 2 0
795 47 2 0
795 56 2 0
795 107 2 0
795 299 1 0
795 326 1 0
795 447 1 0
1577 1283 1 0
800 533 1 0
801 4 2 0
801 1838 1 0
801 103 2 0
801 108 2 0
801 1812 1 0
801 1818 1 0
803 1363 1 1
803 481 2 4
804 1311 2 0
1581 1285 2 2
807 6 2 0
807 55 2 0
807 28 2 0
807 1816 1 0
807 65 2 0
807 1914 1 0
807 319 1 0
807 1904 1 0
807 1906 1 0
807 664 1 0
807 61 2 0
807 82 2 0
807 1313 1 2
1584 1096 1 0
1585 613 1 0
810 1450 1 0
810 49 2 0
810 60 2 0
810 911 1 0
811 325 1 0
815 1027 1 0
817 583 1 1
818 870 1 3
818 1148 1 0
818 469 1 0
1596 762 1 0
1561 1110 2 0
825 443 1 0
825 455 1 0
828 109 2 0
1599 1361 1 0
831 642 1 0
832 702 1 1
1600 1466 1 0
833 1208 1 0
1591 1301 1 0
835 66 4 0
1601 1035 1 0
837 1662 1 0
840 47 2 0
840 115 2 0
840 244 1 0
1605 1429 1 0
1605 543 1 0
843 14 4 0
843 1808 1 0
843 33 6 0
843 47 2 0
843 56 4 0
843 83 2 0
843 140 2 0
843 624 1 0
843 233 4 0
843 321 2 0
843 322 2 0
843 528 3 0
843 539 4 0
843 789 4 0
843 852 2 0
843 299 1 0
843 326 3 0
843 344 3 0
843 34 2 0
843 464 2 0
843 599 1 0
843 72 2 0
843 223 2 0
844 126 2 0
844 1236 1 0
717 1910 1 0
1609 1300 1 0
1609 1304 1 0
1618 1121 1 0
850 1481 1 0
850 1667 1 0
851 1504 1 0
852 25 2 0
852 34 2 0
852 115 2 0
852 144 2 0
852 321 2 0
852 330 1 0
852 539 3 0
852 625 1 0
852 107 2 0
852 624 2 0
852 344 2 0
852 412 1 0
852 528 2 0
852 33 4 0
852 56 4 0
852 233 2 0
852 299 1 0
852 326 1 0
852 789 2 0
852 843 2 0
852 14 2 0
852 1808 1 0
852 47 2 0
852 83 4 0
852 140 2 0
852 322 1 0
852 16 2 0
859 698 1 0
859 706 1 0
1626 1284 1 0
1627 42 2 0
865 346 1 0
865 1351 1 0
865 354 1 0
866 1220 1 0
867 499 1 0
870 818 1 3
870 96 2 0
870 539 1 0
1636 1257 1 0
873 1302 1 0
873 790 2 0
875 306 1 0
877 487 3 0
1643 1472 1 0
1644 1063 1 0
883 1853 1 0
885 621 1 0
885 242 1 0
885 1514 1 0
1648 757 1 0
889 724 1 0
892 1384 1 0
896 161 1 0
901 567 3 0
1658 1284 2 0
1658 1282 1 0
1659 1285 1 2
1662 1819 2 0
1662 837 1 0
1662 1817 1 0
1662 103 2 0
911 49 2 0
911 60 4 0
911 810 1 0
911 90 2 0
911 224 1 0
1664 430 1 0
1667 850 1 0
918 1429 1 0
919 1438 1 0
1669 133 2 0
923 605 1 0
1670 1396 1 0
1674 1183 1 0
1676 122 6 0
1676 135 2 0
1683 1247 1 0
938 1240 1 0
945 189 1 0
947 586 1 0
949 952 2 0
952 949 2 0
1701 773 1 0
1701 1855 1 0
1701 505 1 0
1701 186 1 0
974 1192 1 0
977 981 3 1
981 977 3 1
652 649 1 0
1738 1017 1 0
1742 116 2 0
1743 26 2 0
1743 1546 1 0
1743 1222 1 0
994 176 2 1
994 99 4 0
994 276 2 0
1755 12 2 0
1755 141 2 0
1756 1035 1 0
1756 167 1 0
996 192 1 0
1759 72 2 0
1759 344 1 0
1759 1186 1 0
999 1111 1 0
999 19 2 0
999 1173 1 0
999 243 1 0
999 504 2 0
999 218 1 0
1001 719 2 1
1766 1027 1 0
1766 31 2 0
1002 24 2 0
1002 246 1 0
1003 518 3 1
1768 1387 1 0
1768 1291 1 0
1768 1555 1 0
1004 478 1 0
1004 1184 1 0
1004 19 2 0
1004 452 1 0
1004 793 1 0
1778 1450 1 0
1009 300 1 0
1781 1163 1 0
1781 314 1 0
1787 1500 1 0
1790 292 1 0
1790 1070 1 0
1791 446 1 0
1792 1538 1 0
1010 582 1 0
1010 326 1 0
1795 1240 1 0
1795 1227 1 0
1795 1305 1 0
1795 495 1 0
1799 34 2 0
1799 1088 1 0
20 179 0 2
20 1193 0 2
20 1005 0 4
3 290 0 2
6 801 0 2
9 140 0 4
10 1720 0 2
10 1200 0 2
10 996 0 6
10 1047 0 2
15 1094 0 2
15 159 0 2
15 150 0 8
15 1155 0 2
15 1720 0 2
15 145 0 4
15 1237 0 2
15 1782 0 2
16 47 0 4
19 1002 0 2
22 1748 0 2
22 1760 0 2
22 1793 0 2
22 145 0 4
22 1194 0 2
22 1018 0 4
22 1023 0 2
22 1222 0 2
28 1479 0 2
28 801 0 2
29 140 0 8
30 1043 0 2
30 1793 0 2
30 1084 0 2
30 1198 0 2
30 1232 0 2
41 1479 0 2
44 1252 0 2
46 55 0 4
47 110 0 4
47 16 0 4
1832 1293 0 1
55 46 0 4
58 1985 0 4
61 801 0 2
61 103 0 8
63 807 0 2
88 1952 0 10
88 1602 0 14
1976 1977 0 1
93 672 0 2
96 740 0 2
96 484 0 2
1977 1976 0 1
99 489 0 2
103 61 0 8
103 1236 0 2
1891 1437 0 1
106 650 0 2
108 1467 0 2
124 1218 0 2
110 47 0 4
1985 58 0 4
1952 88 0 10
1952 1602 0 5
140 9 0 4
140 29 0 8
143 1702 0 2
143 1041 0 2
143 1145 0 2
143 1209 0 2
144 245 0 2
145 150 0 4
145 1155 0 2
145 15 0 4
145 1237 0 2
145 1702 0 2
145 1179 0 2
145 22 0 4
145 1194 0 2
145 276 0 4
145 279 0 2
145 310 0 2
145 1029 0 2
145 1174 0 2
145 1030 0 2
145 1084 0 2
146 1121 0 2
146 1721 0 2
147 994 0 8
150 145 0 4
150 1155 0 2
150 15 0 8
1702 143 0 2
1702 1041 0 1
1702 1145 0 1
1702 1209 0 1
1702 1727 0 1
1702 1751 0 1
1702 145 0 2
1057 1071 0 1
1057 1222 0 1
1057 1166 0 1
1057 1191 0 1
1704 1320 0 1
1704 1762 0 1
1704 1166 0 1
1704 1436 0 1
218 195 0 1
218 217 0 2
218 206 0 2
218 237 0 1
218 253 0 1
218 1010 0 1
218 256 0 1
218 275 0 2
218 276 0 1
218 279 0 1
218 1001 0 1
218 280 0 1
1705 1142 0 1
1705 1072 0 1
1705 1119 0 3
1705 970 0 1
1705 1118 0 1
1705 1210 0 1
969 155 0 1
969 1716 0 1
969 1017 0 1
155 255 0 1
155 256 0 1
155 280 0 1
155 969 0 1
155 1716 0 1
155 992 0 1
970 1705 0 1
1090 1023 0 1
1090 1020 0 1
1090 1320 0 1
1090 478 0 1
1090 1225 0 1
1090 1782 0 1
1148 1780 0 4
1148 1527 0 1
1148 1741 0 1
1709 1147 0 1
1709 1238 0 1
1709 1173 0 1
1709 1127 0 1
1044 1436 0 1
1044 1524 0 1
1479 41 0 2
1479 28 0 2
1479 312 0 1
1134 1063 0 3
478 275 0 3
478 270 0 1
478 1203 0 1
478 257 0 2
478 1191 0 2
478 1090 0 1
478 1225 0 1
478 1782 0 1
1714 1029 0 1
1714 1202 0 1
1714 1206 0 1
1714 1193 0 1
1714 1173 0 1
1714 1203 0 1
1714 159 0 1
154 171 0 6
154 172 0 7
154 228 0 6
154 194 0 1
154 217 0 2
154 234 0 1
154 241 0 2
154 1010 0 2
154 206 0 2
154 307 0 1
154 719 0 1
154 1001 0 3
154 486 0 1
1715 1076 0 2
1715 1784 0 1
1715 1793 0 1
1715 1030 0 1
1715 1237 0 1
1063 1134 0 3
1063 1295 0 3
1716 1140 0 1
1716 969 0 1
1716 155 0 1
1716 1708 0 1
1716 1759 0 1
1022 1215 0 1
978 213 0 1
978 178 0 1
1113 1320 0 1
1113 1020 0 1
1113 1023 0 5
1113 1147 0 2
1113 1214 0 1
1113 1191 0 3
1113 1225 0 1
1113 1145 0 2
1113 1189 0 1
1113 1203 0 1
1113 1040 0 1
979 862 0 1
531 484 0 1
1092 1209 0 1
1092 1238 0 1
1720 15 0 2
1720 10 0 2
1720 1200 0 1
191 241 0 2
191 273 0 2
191 171 0 1
191 172 0 2
1721 1316 0 2
1721 1117 0 1
1721 146 0 2
1722 1132 0 1
1722 1140 0 1
1722 1130 0 2
1722 1225 0 1
1722 1030 0 1
1722 1076 0 1
1722 1739 0 1
1117 1721 0 1
1117 1302 0 1
1094 257 0 1
1094 15 0 2
1094 159 0 1
1094 301 0 1
1094 1239 0 1
1094 1030 0 1
1094 1194 0 1
1094 1784 0 1
1094 1101 0 1
1020 1198 0 1
1020 1784 0 1
1020 1029 0 1
1020 1090 0 1
1020 1113 0 1
1020 1023 0 1
1020 1127 0 2
1020 1237 0 1
1156 1065 0 1
1156 1174 0 1
1156 1724 0 1
1156 1145 0 1
1156 1189 0 1
1156 1191 0 1
1156 1061 0 1
1156 1202 0 2
1728 213 0 1
1729 1041 0 1
1729 1174 0 1
1729 1132 0 1
1193 1760 0 1
1193 20 0 2
1193 1783 0 1
1193 1714 0 1
1193 1173 0 1
1030 275 0 1
1030 1741 0 1
1030 1722 0 1
1030 145 0 2
1030 1357 0 1
1030 1715 0 1
1030 1237 0 1
1030 1094 0 1
1030 1194 0 1
1173 1709 0 1
1173 1743 0 1
1173 1714 0 1
1173 1193 0 1
171 154 0 6
171 172 0 5
171 206 0 1
171 228 0 5
171 307 0 1
171 719 0 1
171 1001 0 3
171 1010 0 3
171 241 0 1
171 194 0 1
171 879 0 1
171 217 0 1
171 253 0 1
171 191 0 1
1182 1065 0 1
195 294 0 1
195 218 0 1
195 217 0 1
1203 1113 0 1
1203 1209 0 1
1203 1714 0 1
1203 478 0 1
1203 257 0 1
1203 1191 0 1
1203 275 0 1
992 294 0 1
992 222 0 1
992 298 0 1
992 1239 0 1
992 730 0 1
992 155 0 1
484 531 0 1
484 1004 0 1
484 96 0 2
495 313 0 1
1018 1708 0 1
1018 1500 0 1
1018 22 0 4
1018 1023 0 1
1018 1222 0 1
213 993 0 1
213 892 0 1
213 1728 0 1
213 978 0 1
213 178 0 1
1127 1021 0 1
1127 1020 0 2
1127 1237 0 1
1127 1709 0 1
1127 1225 0 1
1007 1084 0 1
1007 175 0 1
1007 257 0 1
1007 179 0 1
1007 993 0 1
1007 1005 0 1
1069 1436 0 1
194 154 0 1
194 171 0 1
194 879 0 1
194 172 0 1
194 217 0 1
194 253 0 1
194 1001 0 1
194 1010 0 1
879 171 0 1
879 194 0 1
879 172 0 2
879 217 0 1
879 253 0 2
879 1001 0 1
879 1010 0 2
879 294 0 1
879 206 0 1
879 279 0 1
879 310 0 1
879 486 0 1
879 227 0 1
879 257 0 1
1017 969 0 1
1019 1052 0 1
1019 1071 0 1
152 283 0 1
1021 1783 0 1
1021 1127 0 1
1021 1743 0 1
1023 22 0 2
1023 1018 0 1
1023 1222 0 1
1023 1113 0 5
1023 1020 0 1
1023 1191 0 2
1023 1225 0 1
1023 1782 0 1
1023 1090 0 1
1029 1136 0 1
1029 1714 0 1
1029 1202 0 1
1029 145 0 2
1029 1174 0 1
1029 1020 0 1
1029 1320 0 1
1029 1191 0 1
1029 301 0 1
1029 216 0 1
1032 1447 0 1
159 15 0 2
159 1094 0 1
159 1714 0 1
1040 1113 0 1
1040 1214 0 1
1040 1217 0 1
162 473 0 1
163 167 0 1
1041 1759 0 1
1041 143 0 2
1041 1702 0 1
1041 1145 0 1
1041 1209 0 1
1041 1006 0 1
1041 1729 0 1
1041 1174 0 1
1043 1052 0 1
1043 1073 0 1
1043 1734 0 1
1043 30 0 2
1047 10 0 2
1047 1101 0 1
1047 1210 0 5
166 383 0 1
1052 1043 0 1
1052 1073 0 1
1052 1734 0 1
1052 1147 0 1
1052 1019 0 1
167 163 0 1
167 280 0 1
167 998 0 3
167 1743 0 1
1061 1156 0 1
1061 1202 0 1
172 154 0 7
172 171 0 5
172 228 0 4
172 241 0 2
172 1010 0 4
172 194 0 1
172 879 0 2
172 217 0 2
172 253 0 1
172 1001 0 4
172 191 0 2
172 206 0 1
172 307 0 1
172 719 0 1
1065 1202 0 1
1065 1747 0 1
1065 1182 0 1
1065 1156 0 1
1065 1174 0 1
1065 1724 0 1
1067 435 0 1
1067 1781 0 1
175 320 0 1
175 178 0 1
175 1007 0 1
175 257 0 1
175 179 0 1
175 993 0 1
175 1005 0 1
1071 1222 0 1
1071 1019 0 1
1071 1057 0 1
1072 1705 0 1
1072 1119 0 1
1073 1043 0 1
1073 1052 0 1
1073 1734 0 1
1076 1793 0 2
1076 1722 0 1
1076 1715 0 2
1076 1784 0 1
178 257 0 1
178 259 0 1
178 179 0 1
178 175 0 1
178 205 0 1
178 978 0 1
178 213 0 1
1084 1222 0 1
1084 1782 0 1
1084 30 0 2
1084 1007 0 1
1084 145 0 2
1088 1782 0 1
1093 1006 0 1
1098 1433 0 2
1100 266 0 2
1100 1245 0 2
1100 749 0 1
1101 1136 0 1
1101 774 0 1
1101 1094 0 1
1101 1047 0 1
189 216 0 1
189 275 0 1
1104 1740 0 1
1106 491 0 1
1112 869 0 1
1115 1135 0 1
1116 240 0 1
1118 1705 0 1
1119 1705 0 3
1119 1072 0 1
200 380 0 1
1121 146 0 2
205 257 0 1
205 280 0 1
205 259 0 1
205 276 0 1
205 178 0 1
1130 1722 0 2
1130 1739 0 1
1130 1751 0 1
1130 1225 0 1
206 218 0 2
206 237 0 1
206 253 0 2
206 1010 0 2
206 154 0 2
206 171 0 1
206 172 0 1
206 228 0 1
206 307 0 1
206 1001 0 2
206 486 0 1
206 256 0 1
206 275 0 1
206 276 0 1
206 279 0 2
206 879 0 1
206 310 0 1
1132 1729 0 1
1132 1722 0 1
1132 1140 0 1
1132 1136 0 1
1132 1145 0 1
1133 1240 0 1
212 259 0 1
1135 1115 0 1
1136 1029 0 1
1136 1132 0 1
1136 1145 0 1
1136 1101 0 1
1136 1194 0 1
1136 1763 0 1
1137 1589 0 2
1140 1716 0 1
1140 1763 0 1
1140 1722 0 1
1140 1132 0 1
1140 1738 0 1
1142 1705 0 1
1144 1176 0 1
1144 261 0 1
1145 1156 0 1
1145 1189 0 2
1145 1191 0 1
1145 1202 0 1
1145 143 0 2
1145 1702 0 1
1145 1041 0 1
1145 1209 0 1
1145 1113 0 2
1145 1132 0 1
1145 1136 0 1
1147 1052 0 1
1147 1113 0 2
1147 1214 0 4
1147 1709 0 1
1147 1238 0 1
1147 1748 0 1
1147 1184 0 1
216 1029 0 1
216 285 0 1
216 691 0 1
216 189 0 1
216 275 0 1
217 218 0 2
217 195 0 1
217 171 0 1
217 194 0 1
217 879 0 1
217 172 0 2
217 253 0 1
217 1001 0 2
217 1010 0 1
217 154 0 2
217 234 0 1
217 275 0 2
217 280 0 1
220 307 0 2
220 237 0 1
220 241 0 1
220 253 0 1
220 294 0 1
220 719 0 1
222 257 0 1
222 275 0 1
222 992 0 1
222 298 0 1
1152 990 0 1
1154 1259 0 1
1155 145 0 2
1155 150 0 2
1155 1202 0 1
1155 1509 0 1
1155 15 0 2
227 879 0 1
227 257 0 1
228 154 0 6
228 171 0 5
228 172 0 4
228 206 0 1
228 307 0 1
228 719 0 1
228 1001 0 2
228 1010 0 2
228 241 0 2
1161 1216 0 2
1166 1190 0 1
1166 1741 0 1
1166 1784 0 1
1166 1057 0 1
1166 1191 0 1
1166 1704 0 1
235 1758 0 1
235 281 0 1
236 278 0 1
237 220 0 1
237 241 0 1
237 253 0 2
237 294 0 1
237 307 0 1
237 719 0 1
237 218 0 1
237 206 0 1
237 1010 0 1
1172 1243 0 1
240 1116 0 1
241 253 0 2
241 220 0 1
241 237 0 1
241 294 0 1
241 307 0 2
241 719 0 1
241 154 0 2
241 171 0 1
241 172 0 2
241 228 0 2
241 1010 0 1
241 191 0 2
1174 145 0 2
1174 1029 0 1
1174 1729 0 1
1174 1041 0 1
1174 1156 0 1
1174 1065 0 1
1174 1724 0 1
1176 1208 0 1
1176 1144 0 1
1176 261 0 1
1178 1753 0 1
245 144 0 2
245 423 0 1
1179 145 0 2
1184 1198 0 1
1184 1255 0 1
1184 1191 0 1
1184 259 0 1
1184 1147 0 1
249 250 0 1
250 249 0 1
253 241 0 2
253 171 0 1
253 194 0 1
253 879 0 2
253 172 0 1
253 217 0 1
253 1001 0 1
253 1010 0 2
253 206 0 2
253 259 0 1
253 294 0 3
253 220 0 1
253 237 0 2
253 307 0 1
253 218 0 1
255 258 0 1
255 275 0 1
255 280 0 3
255 155 0 1
255 256 0 1
256 310 0 1
256 218 0 1
256 206 0 1
256 275 0 3
256 276 0 2
256 279 0 1
256 1001 0 2
256 155 0 1
256 255 0 1
256 280 0 1
256 257 0 1
257 879 0 1
257 227 0 1
257 275 0 6
257 302 0 1
257 1007 0 1
257 175 0 1
257 179 0 2
257 993 0 1
257 1005 0 1
257 1094 0 1
257 205 0 1
257 280 0 1
257 256 0 1
257 222 0 1
257 178 0 1
257 259 0 1
257 478 0 2
257 1203 0 1
257 1191 0 1
258 255 0 1
258 275 0 1
258 280 0 1
259 302 0 1
259 205 0 1
259 276 0 1
259 1184 0 1
259 178 0 1
259 257 0 1
259 179 0 1
259 253 0 1
259 294 0 1
259 212 0 1
261 1144 0 1
261 1176 0 1
1189 1775 0 3
1189 1113 0 1
1189 1145 0 2
1189 1156 0 1
1189 1191 0 1
1190 1782 0 1
1190 1166 0 1
1190 1741 0 1
1190 1784 0 1
1191 1029 0 1
1191 301 0 1
1191 1113 0 3
1191 1023 0 2
1191 1225 0 1
1191 1184 0 1
1191 1057 0 1
1191 1166 0 1
1191 1156 0 1
1191 1145 0 1
1191 1189 0 1
1191 478 0 2
1191 1203 0 1
1191 257 0 1
1191 275 0 2
1194 1094 0 1
1194 1030 0 1
1194 1136 0 1
1194 22 0 2
1194 145 0 2
1194 1202 0 1
1194 1214 0 1
1198 1784 0 1
1198 30 0 2
1198 1232 0 1
1198 1184 0 1
1198 1255 0 2
1198 1020 0 1
266 1100 0 2
266 1245 0 2
266 749 0 1
1200 10 0 2
1200 1720 0 1
1202 1145 0 1
1202 1155 0 1
1202 1509 0 1
1202 1065 0 1
1202 1194 0 1
1202 1214 0 1
1202 1156 0 2
1202 1061 0 1
1202 1714 0 1
1202 1029 0 1
1206 1714 0 1
270 478 0 1
1208 1176 0 1
1209 1092 0 1
1209 1238 0 1
1209 1708 0 1
1209 143 0 2
1209 1702 0 1
1209 1041 0 1
1209 1145 0 1
1209 1203 0 1
1210 1705 0 1
1210 1047 0 5
272 637 0 1
273 191 0 2
1214 1147 0 4
1214 1040 0 1
1214 1217 0 1
1214 1194 0 1
1214 1202 0 1
1214 1113 0 1
275 255 0 1
275 258 0 1
275 280 0 2
275 222 0 1
275 257 0 6
275 256 0 3
275 478 0 3
275 218 0 2
275 217 0 2
275 189 0 1
275 216 0 1
275 1030 0 1
275 1741 0 1
275 206 0 1
275 276 0 1
275 279 0 1
275 1001 0 1
275 1203 0 1
275 1191 0 2
275 327 0 1
276 279 0 3
276 205 0 1
276 259 0 1
276 145 0 4
276 310 0 1
276 218 0 1
276 206 0 1
276 256 0 2
276 275 0 1
276 1001 0 2
1215 1022 0 1
1216 1161 0 2
1217 1232 0 2
1217 1040 0 1
1217 1214 0 1
1218 124 0 2
278 236 0 1
279 145 0 2
279 276 0 3
279 310 0 2
279 879 0 1
279 206 0 2
279 719 0 1
279 218 0 1
279 256 0 1
279 275 0 1
279 1001 0 1
280 155 0 1
280 255 0 3
280 256 0 1
280 167 0 1
280 998 0 1
280 205 0 1
280 257 0 1
280 302 0 1
280 258 0 1
280 275 0 2
280 218 0 1
280 217 0 1
281 235 0 1
282 1358 0 1
283 152 0 1
1222 1084 0 1
1222 1782 0 1
1222 22 0 2
1222 1018 0 1
1222 1023 0 1
1222 1057 0 1
1222 1071 0 1
284 491 0 1
285 216 0 1
285 691 0 1
285 370 0 1
285 1739 0 1
285 1343 0 1
1225 1782 0 3
1225 1090 0 1
1225 478 0 1
1225 1113 0 1
1225 1023 0 1
1225 1191 0 1
1225 1722 0 1
1225 1130 0 1
1225 1127 0 1
290 3 0 2
1227 1447 0 1
1227 1733 0 1
294 253 0 3
294 259 0 1
294 220 0 1
294 237 0 1
294 241 0 1
294 307 0 1
294 719 0 1
294 879 0 1
294 992 0 1
294 195 0 1
1232 1782 0 1
1232 30 0 2
1232 1198 0 1
1232 1217 0 2
298 992 0 1
298 222 0 1
1236 103 0 2
1237 1715 0 1
1237 1030 0 1
1237 15 0 2
1237 145 0 2
1237 1020 0 1
1237 1127 0 1
1238 1709 0 1
1238 1147 0 1
1238 1092 0 1
1238 1209 0 1
1238 1357 0 1
1238 1766 0 1
301 1094 0 1
301 1239 0 1
301 1001 0 1
301 1029 0 1
301 1191 0 1
1239 992 0 1
1239 730 0 1
1239 1094 0 1
1239 301 0 1
1240 1133 0 1
302 259 0 1
302 257 0 1
302 280 0 1
1243 1172 0 1
1245 1100 0 2
1245 266 0 2
1245 749 0 1
307 220 0 2
307 237 0 1
307 241 0 2
307 253 0 1
307 294 0 1
307 719 0 2
307 154 0 1
307 171 0 1
307 172 0 1
307 206 0 1
307 228 0 1
307 1001 0 2
307 1010 0 1
310 145 0 2
310 276 0 1
310 279 0 2
310 879 0 1
310 206 0 1
310 719 0 1
310 256 0 1
312 1479 0 1
313 495 0 1
1252 44 0 2
1252 1706 0 1
320 175 0 1
1255 1184 0 1
1255 1198 0 2
1255 1787 0 2
1255 1735 0 1
1255 1793 0 1
1259 1154 0 1
327 275 0 1
179 20 0 2
179 178 0 1
179 257 0 2
179 259 0 1
179 1007 0 1
179 175 0 1
179 993 0 1
179 1005 0 1
1263 1273 0 1
1268 1619 0 1
1271 1300 0 1
1272 661 0 1
1273 1577 0 1
1273 1263 0 1
1274 1551 0 1
1274 1577 0 1
1274 666 0 1
337 1629 0 1
1277 1673 0 1
1282 1591 0 1
1282 850 0 1
1285 1576 0 1
1285 1667 0 1
350 361 0 1
350 362 0 1
1288 1312 0 1
1293 1832 0 1
360 1297 0 1
360 1348 0 1
360 1391 0 1
361 350 0 1
361 362 0 1
1295 1063 0 3
1295 1420 0 1
362 350 0 1
362 361 0 1
1296 1316 0 1
1297 360 0 1
1297 1390 0 1
1297 1391 0 1
370 285 0 1
370 1739 0 1
1300 1271 0 1
1301 1698 0 1
380 200 0 1
382 494 0 1
382 769 0 1
383 166 0 1
1302 1480 0 1
1302 1735 0 1
1302 1117 0 1
1303 1315 0 1
1303 1477 0 1
1310 604 0 1
1312 1288 0 1
1316 1721 0 2
1316 1296 0 1
1320 1090 0 1
1320 1704 0 1
1320 1762 0 1
1320 1029 0 1
1320 1113 0 1
1323 1397 0 1
1323 1640 0 1
423 245 0 1
435 1067 0 1
1341 1442 0 1
1343 285 0 1
1348 360 0 1
1348 1391 0 1
1351 1513 0 1
1357 1238 0 1
1357 1766 0 1
1357 1030 0 1
1357 1780 0 1
1358 282 0 1
464 852 0 1
473 162 0 1
474 768 0 2
476 877 0 1
486 879 0 1
486 154 0 1
486 206 0 1
489 99 0 2
1315 1303 0 1
491 1106 0 1
491 284 0 1
343 1010 0 1
494 382 0 1
494 769 0 1
1387 1742 0 1
1390 1297 0 1
1390 1391 0 1
1391 360 0 1
1391 1297 0 1
1391 1348 0 1
1391 1390 0 1
1397 1323 0 1
1397 1640 0 1
539 699 0 1
548 582 0 1
1420 1295 0 1
1433 1098 0 2
1436 1708 0 1
1436 1783 0 1
1436 1704 0 1
1436 1069 0 1
1436 1044 0 1
1442 1341 0 1
582 548 0 1
1447 1227 0 1
1447 1733 0 1
1447 1032 0 1
1437 1891 0 1
595 718 0 1
604 1310 0 1
637 272 0 1
1467 108 0 2
639 890 0 1
646 998 0 1
650 106 0 2
1477 1303 0 1
661 1555 0 1
661 1272 0 1
1480 1302 0 1
1481 1698 0 1
666 1274 0 1
672 93 0 2
234 154 0 1
234 217 0 1
1500 1756 0 1
1500 1018 0 1
691 216 0 1
691 285 0 1
1509 1155 0 1
1509 1202 0 1
699 539 0 1
1513 1351 0 1
718 595 0 1
719 279 0 1
719 310 0 1
719 220 0 1
719 237 0 1
719 241 0 1
719 294 0 1
719 307 0 2
719 154 0 1
719 171 0 1
719 172 0 1
719 228 0 1
719 1010 0 1
1523 1642 0 1
1524 1044 0 1
1524 1770 0 1
730 992 0 1
730 1239 0 1
1527 1759 0 1
1527 1148 0 1
1527 1741 0 1
1527 1780 0 1
740 96 0 2
749 1100 0 1
749 266 0 1
749 1245 0 1
1551 1274 0 1
768 474 0 2
769 382 0 1
769 494 0 1
1555 661 0 1
774 1101 0 1
1576 1285 0 1
1576 1659 0 1
1576 1667 0 1
1577 1273 0 1
1577 1274 0 1
801 6 0 2
801 61 0 2
801 28 0 2
807 63 0 2
1589 1137 0 2
1591 1282 0 1
1602 1952 0 5
1602 88 0 14
1619 1268 0 1
850 1282 0 1
852 464 0 1
862 979 0 1
1629 337 0 1
869 1112 0 1
1640 1323 0 1
1640 1397 0 1
877 476 0 1
1642 1523 0 1
892 213 0 1
1659 1576 0 1
1659 1667 0 1
890 639 0 1
1667 1285 0 1
1667 1576 0 1
1667 1659 0 1
1673 1277 0 1
1695 962 0 1
1698 1481 0 1
1698 1301 0 1
962 1695 0 1
1706 1252 0 1
1708 1716 0 1
1708 1209 0 1
1708 1436 0 1
1708 1783 0 1
1708 1018 0 1
1724 1748 0 1
1724 1156 0 1
1724 1065 0 1
1724 1174 0 1
1727 1702 0 1
1727 1751 0 1
1733 1227 0 1
1733 1447 0 1
1734 1043 0 1
1734 1052 0 1
1734 1073 0 1
1735 1255 0 1
1735 1302 0 1
1738 1140 0 1
1739 1722 0 1
1739 1130 0 1
1739 285 0 1
1739 370 0 1
1740 1104 0 1
1741 1166 0 1
1741 1190 0 1
1741 1784 0 1
1741 1030 0 1
1741 275 0 1
1741 1148 0 1
1741 1527 0 1
1741 1780 0 1
1742 1387 0 1
990 1152 0 1
1743 1021 0 1
1743 167 0 1
1743 998 0 1
1743 1173 0 1
1743 1760 0 1
1747 1065 0 1
1748 22 0 2
1748 1760 0 1
1748 1793 0 1
1748 1147 0 1
1748 1724 0 1
1748 1751 0 1
993 213 0 1
993 1007 0 1
993 175 0 1
993 257 0 1
993 179 0 1
993 1005 0 1
1751 1130 0 1
1751 1748 0 1
1751 1702 0 1
1751 1727 0 1
994 147 0 8
1753 1178 0 1
1753 1755 0 1
1755 1753 0 1
1756 1500 0 1
996 10 0 6
1758 235 0 1
998 646 0 1
998 167 0 3
998 280 0 1
998 1743 0 1
1759 1041 0 1
1759 1527 0 1
1759 1716 0 1
1760 22 0 2
1760 1748 0 1
1760 1793 0 1
1760 1743 0 1
1760 1193 0 1
1762 1704 0 1
1762 1320 0 1
1763 1140 0 1
1763 1136 0 1
1001 154 0 3
1001 171 0 3
1001 218 0 1
1001 206 0 2
1001 256 0 2
1001 275 0 1
1001 276 0 2
1001 279 0 1
1001 301 0 1
1001 194 0 1
1001 879 0 1
1001 172 0 4
1001 217 0 2
1001 253 0 1
1001 1010 0 2
1001 228 0 2
1001 307 0 2
1766 1238 0 1
1766 1357 0 1
1002 19 0 2
1770 1524 0 1
1004 484 0 1
1005 20 0 4
1005 1007 0 1
1005 175 0 1
1005 257 0 1
1005 179 0 1
1005 993 0 1
1775 1189 0 3
1006 1093 0 1
1006 1041 0 1
1780 1148 0 4
1780 1527 0 1
1780 1741 0 1
1780 1357 0 1
1781 1067 0 1
1782 1023 0 1
1782 1225 0 3
1782 1232 0 1
1782 1084 0 1
1782 1222 0 1
1782 1088 0 1
1782 15 0 2
1782 1090 0 1
1782 478 0 1
1782 1190 0 1
1783 1193 0 1
1783 1436 0 1
1783 1708 0 1
1783 1021 0 1
1784 1166 0 1
1784 1190 0 1
1784 1741 0 1
1784 1094 0 1
1784 1020 0 1
1784 1198 0 1
1784 1715 0 1
1784 1076 0 1
1784 1793 0 1
1787 1255 0 2
1793 1076 0 2
1793 22 0 2
1793 1748 0 1
1793 1760 0 1
1793 1715 0 1
1793 1784 0 1
1793 30 0 2
1793 1255 0 1
1010 218 0 1
1010 206 0 2
1010 237 0 1
1010 253 0 2
1010 879 0 2
1010 172 0 4
1010 343 0 1
1010 171 0 3
1010 194 0 1
1010 217 0 1
1010 1001 0 2
1010 154 0 2
1010 228 0 2
1010 307 0 1
1010 719 0 1
1010 241 0 1
2066 1995 4 0
2067 1995 4 0
1992 83 4 0
1992 1995 4 0
1992 2489 2 0
1992 452 2 0
1992 2343 2 0
1992 16 8 0
1992 2681 2 0
1992 2000 4 0
1992 101 4 0
1992 25 4 0
1992 3002 2 0
1992 147 4 0
1992 2104 2 0
1852 2921 2 0
1852 2016 4 0
1852 2018 4 0
1852 2038 4 0
1852 2559 2 0
1852 2013 4 0
1852 2039 4 0
1994 196 2 0
1994 789 2 0
1995 2029 4 0
1995 299 2 0
1995 1992 4 0
1995 2489 2 0
1995 2066 4 0
1995 2067 4 0
14 25 8 0
14 344 2 0
14 326 4 0
14 840 2 0
14 1996 4 0
14 2151 2 0
14 531 2 0
14 464 2 0
14 299 2 0
14 742 2 0
1997 99 4 0
1997 35 4 0
1998 1022 2 0
1999 1764 2 0
2000 16 8 0
2000 540 2 0
2000 2006 4 0
2000 2071 2 0
2000 2166 2 0
2000 528 4 0
2000 1992 4 0
2000 101 4 0
2000 25 4 0
2000 3002 2 0
2000 147 4 0
2000 2104 2 0
2001 1279 2 0
20 1259 2 2
2914 2121 1 0
2002 326 2 0
2002 256 2 0
2002 2747 4 0
2002 2520 2 0
2002 595 2 0
2002 663 2 0
2002 344 2 0
2003 2442 2 0
2004 233 2 0
2915 1429 1 0
2006 196 2 0
2006 2153 2 0
2006 2247 2 0
2006 2747 2 0
2006 540 2 0
2006 2391 2 0
2006 2057 4 0
2006 793 2 0
2006 452 2 0
2006 2000 4 0
2006 2071 2 0
2006 2166 2 0
2006 528 2 0
2007 2449 2 0
18 2947 38 0
18 2979 28 0
18 1813 2 0
70 2037 4 0
70 2917 2 0
70 2946 2 0
70 2951 2 0
101 2011 4 0
101 2041 4 0
101 16 8 0
101 1939 2 0
101 2038 4 0
101 2048 4 0
101 1848 2 0
101 297 2 0
101 1992 4 0
101 2000 4 0
101 25 4 0
101 3002 2 0
101 147 4 0
101 2104 2 0
2917 70 2 0
2917 2946 1 0
2917 2951 1 0
2917 2112 1 0
2918 2082 1 0
2918 2238 1 0
60 2988 2 0
60 2292 2 0
89 2421 4 0
89 2138 2 0
89 2175 2 0
89 2364 2 0
10 2299 1 0
2920 108 8 0
2920 1816 2 0
2920 2063 2 0
2920 2146 2 0
2920 2592 2 0
2920 2924 2 0
2920 1819 1 0
2920 2047 2 0
2920 2559 1 0
2920 2210 2 0
2920 2019 2 0
2920 2960 1 0
2920 2983 1 0
2920 103 2 0
2920 1904 1 0
2011 101 4 0
2011 2016 4 0
2011 1848 2 0
2011 2924 2 0
2012 2863 2 0
99 154 2 0
99 1997 4 0
99 35 4 0
99 2639 2 0
2013 2016 4 0
2013 1939 2 0
2013 2404 2 0
2013 4 8 0
2013 2973 4 0
2013 2051 4 0
2013 2210 2 0
2013 2328 2 0
2013 2924 4 0
2013 2930 2 0
2013 108 4 0
2013 1816 12 0
2013 2039 16 0
2013 1810 2 0
2013 1817 2 0
2013 1852 4 0
2013 1914 2 0
2013 2146 2 0
2013 2939 2 0
2013 2983 2 0
1909 2956 5 0
2921 1852 2 0
2015 2770 2 0
2015 2226 2 0
2015 2026 4 0
2016 1852 4 0
2016 2018 4 0
2016 1817 2 0
2016 2038 4 0
2016 2559 2 0
2016 2040 4 0
2016 1848 6 0
2016 2210 2 0
2016 2013 4 0
2016 1939 2 0
2016 2404 2 0
2016 2011 4 0
2017 2019 4 0
2017 1914 2 0
2017 1816 4 0
2017 2041 4 0
7 271 2 0
2924 2920 2 0
2924 1819 2 0
2924 108 6 0
2924 2047 2 0
2924 2559 1 0
2924 2146 2 0
2924 2210 2 0
2924 2019 2 0
2924 2930 3 0
2924 1816 4 0
2924 2983 1 0
2924 1904 3 0
2924 103 2 0
2924 2939 1 0
2924 2041 2 0
2924 1818 2 0
2924 2152 1 0
2924 2256 1 0
2924 2013 4 0
2924 4 2 0
2924 2953 1 0
2924 2592 1 0
2924 2011 2 0
2924 2039 2 0
1810 2013 2 0
1809 2947 4 0
1809 2979 3 0
1813 2947 1 0
1813 2979 2 0
1813 1824 3 0
1813 18 2 0
1881 2133 1 0
128 2690 2 0
17 2039 4 0
17 2932 2 0
1808 271 2 0
1808 223 2 0
1808 2166 2 0
1808 531 2 0
1808 2238 2 0
1808 2397 2 0
1808 2161 2 0
103 1812 4 0
103 2950 4 0
103 2924 2 0
103 2939 2 0
103 2041 4 0
103 1818 2 0
103 2152 2 0
103 1816 4 0
103 2920 2 0
103 2210 2 0
103 2820 2 0
103 2019 4 0
4 2924 2 0
4 1904 2 0
4 2953 2 0
4 1818 2 0
4 2592 2 0
4 2950 2 0
4 2013 8 0
4 2973 4 0
4 2051 4 0
4 2210 4 0
4 2328 2 0
4 2041 4 4
4 1819 2 0
4 2983 2 0
4 1812 4 0
4 2150 2 0
12 2707 4 0
12 80 2 0
12 2245 2 0
12 2027 4 0
12 2424 2 0
2018 2826 2 0
2018 1852 4 0
2018 2016 4 0
2018 1817 2 0
2018 2038 4 0
2018 2559 2 0
1887 1865 1 0
100 2792 2 0
100 2581 2 0
2019 2826 2 0
2019 103 4 0
2019 1812 4 0
2019 108 12 0
2019 2939 2 0
2019 2146 2 0
2019 2592 4 0
2019 2282 2 0
2019 2411 2 0
2019 1816 12 0
2019 1904 4 0
2019 2920 2 0
2019 2924 2 0
2019 1819 4 0
2019 2930 2 0
2019 2210 4 0
2019 3017 2 0
2019 2017 4 0
2019 1914 2 0
1817 2013 2 0
1817 2016 2 0
1817 2018 2 0
1817 2038 2 0
1817 2559 1 0
25 56 4 0
25 83 4 0
25 531 6 0
25 14 8 0
25 1996 4 0
25 2151 2 0
25 464 2 0
25 299 2 0
25 2071 2 0
25 2238 2 0
25 2033 4 0
25 2057 4 0
25 71 4 0
25 252 2 0
25 223 2 0
25 843 4 0
25 2166 2 0
25 528 2 0
25 1992 4 0
25 2000 4 0
25 101 4 0
25 16 8 0
25 3002 2 0
25 147 4 0
25 2104 2 0
25 2971 2 0
25 233 2 0
25 344 2 0
25 789 2 0
25 840 2 0
1819 4 2 0
1819 1816 6 0
1819 2983 1 0
1819 2559 2 0
1819 2592 3 0
1819 2924 2 0
1819 2019 4 0
1819 2930 1 0
1819 2210 2 0
1819 2920 1 0
1819 2047 2 0
1819 2146 1 0
1819 319 1 0
1819 2065 2 0
1914 2013 2 0
1914 2146 1 0
1914 2017 2 0
1914 2019 2 0
1914 2930 1 0
1914 2039 2 0
1914 2053 2 0
1853 2947 1 0
1853 2979 1 0
1821 2947 45 0
1821 2979 19 0
84 1284 2 0
84 2239 2 0
1855 2199 2 0
1855 186 1 0
2928 2853 1 0
1820 2947 1 0
2930 2924 3 0
2930 1904 1 0
2930 1479 1 0
2930 2019 2 0
2930 1819 1 0
2930 108 4 0
2930 1816 2 0
2930 2210 1 0
2930 2146 1 0
2930 1914 1 0
2930 2013 2 0
2930 2152 1 0
2931 16 2 0
2931 252 1 0
2931 843 1 0
1824 1813 3 0
1904 2053 2 0
1904 2983 1 0
1904 2924 3 0
1904 2256 1 0
1904 2920 1 0
1904 2930 1 0
1904 4 2 0
1904 2953 1 0
1904 1818 1 0
1904 2592 1 0
1904 2019 4 0
1904 3017 1 0
2932 17 2 0
2932 2210 1 0
2933 126 2 0
2933 2210 1 0
1865 1887 1 0
108 2019 12 0
108 2939 2 0
108 2146 6 0
108 2592 6 0
108 2282 2 0
108 2411 2 0
108 2924 6 0
108 2930 4 0
108 1816 16 0
108 2210 4 0
108 2920 8 0
108 2047 4 0
108 2559 2 0
108 2013 4 0
108 2039 4 0
108 2053 4 0
108 2983 4 0
108 2063 4 0
108 1812 2 0
1939 101 2 0
1939 2038 2 0
1939 2048 2 0
1939 2013 2 0
1939 2016 2 0
1939 2404 1 0
126 2933 2 0
126 2210 2 0
126 1816 4 0
126 2039 4 0
35 2057 4 0
35 1997 4 0
35 99 4 0
2936 2226 1 0
2938 1900 1 0
2938 2980 1 0
117 1816 2 0
2026 2015 4 0
2026 2965 4 2
1942 3006 1 0
2939 2040 2 0
2939 3008 1 0
2939 2019 2 0
2939 108 2 0
2939 2146 2 0
2939 2592 1 0
2939 2282 1 0
2939 2411 1 0
2939 2013 2 0
2939 2924 1 0
2939 103 2 0
2939 2041 2 0
2939 1818 1 0
2939 2152 1 0
2027 2104 2 0
2027 2244 2 0
2027 540 2 0
2027 12 4 0
2028 321 2 0
2028 326 2 0
2029 528 2 0
2029 1995 4 0
2029 299 2 0
2029 271 2 0
2946 2040 2 0
2946 2146 1 0
2946 70 2 0
2946 2917 1 0
2946 2951 1 0
26 2070 4 0
80 12 2 0
80 2245 1 0
80 663 1 0
80 299 1 0
87 2071 2 0
2947 18 38 0
2947 1809 4 0
2947 2979 24 0
2947 1821 45 0
2947 1820 1 0
2947 1813 1 0
2947 1853 1 0
1816 2150 2 0
1816 2017 4 0
1816 2041 4 0
1816 117 2 0
1816 2013 12 0
1816 2973 2 0
1816 2924 4 0
1816 2019 12 0
1816 1819 6 0
1816 2930 2 0
1816 108 16 0
1816 2210 4 0
1816 2953 2 0
1816 1818 2 0
1816 2592 4 0
1816 2039 8 0
1816 126 4 0
1816 103 4 0
1816 2950 2 0
1816 2146 2 0
1816 2983 2 0
1816 2920 2 0
1816 2063 4 0
1816 1812 2 0
2950 103 4 0
2950 4 2 0
2950 1816 2 0
2950 2826 1 0
2950 2959 1 0
2950 2592 2 0
2950 1818 1 0
1953 1279 2 0
2033 344 2 0
2033 223 4 0
2033 322 2 0
2033 531 4 0
2033 528 4 0
2033 25 4 0
2033 2057 4 0
2033 71 4 0
2033 252 2 0
2033 330 2 0
2033 321 2 0
2033 843 2 0
2033 2166 2 0
2033 540 2 0
2034 2973 2 0
2034 2152 2 0
2951 70 2 0
2951 2917 1 0
2951 2946 1 0
2953 2924 1 0
2953 4 2 0
2953 1904 1 0
2953 1816 2 0
2953 1818 1 0
2953 2592 1 0
56 2048 4 0
56 25 4 0
2956 1909 5 0
2037 386 8 2
2037 70 4 0
2037 2398 2 2
2038 1852 4 0
2038 2016 4 0
2038 2018 4 0
2038 1817 2 0
2038 2559 2 0
2038 101 4 0
2038 1939 2 0
2038 2048 4 0
2039 2013 16 0
2039 17 4 0
2039 2210 2 0
2039 126 4 0
2039 1816 8 0
2039 2924 2 0
2039 108 4 0
2039 1914 2 0
2039 2053 4 0
2039 1852 4 0
2958 802 1 0
2959 2950 1 0
2959 2592 1 0
2960 2920 1 0
2960 2592 1 0
2040 2939 2 0
2040 3008 2 0
2040 2946 2 0
2040 2016 4 0
2040 1848 2 0
2040 2210 2 0
2041 2924 2 0
2041 103 4 0
2041 2939 2 0
2041 1818 2 0
2041 2152 2 0
2041 2017 4 0
2041 1816 4 0
2041 4 4 4
2041 101 4 0
2041 16 4 0
1812 2210 3 0
1812 2065 2 0
1812 2019 4 0
1812 3017 1 0
1812 4 4 0
1812 103 4 0
1812 1816 2 0
1812 108 2 0
83 1992 4 0
83 25 4 0
83 531 4 0
83 1996 4 0
83 2087 2 0
83 540 2 0
83 2112 2 0
83 2114 2 0
83 271 2 0
83 223 2 0
83 2166 2 0
83 2238 2 0
83 2397 2 0
54 2597 2 0
2965 2026 4 2
2046 2813 2 0
16 2000 8 0
16 101 8 0
16 2041 4 0
16 2931 2 0
16 843 2 0
16 25 8 0
16 2971 2 0
16 1992 8 0
16 3002 2 0
16 147 4 0
16 2104 2 0
16 528 2 0
2971 1023 1 0
2971 25 2 0
2971 16 2 0
1848 101 2 0
1848 297 1 0
1848 2016 6 0
1848 2040 2 0
1848 2210 1 0
1848 2011 2 0
2973 2013 4 0
2973 4 4 0
2973 2051 2 0
2973 2210 1 0
2973 2328 1 0
2973 1816 2 0
2973 2034 2 0
2973 2152 1 0
1961 3003 1 0
1900 2938 1 0
1900 2980 1 0
2047 2920 2 0
2047 2924 2 0
2047 1819 2 0
2047 108 4 0
2047 2559 2 0
2047 2146 2 0
2047 2210 2 0
2048 2104 2 0
2048 840 2 0
2048 101 4 0
2048 1939 2 0
2048 2038 4 0
2048 56 4 0
2048 254 2 0
2048 2988 2 0
2048 2166 2 0
2975 2210 1 0
2976 2702 1 0
2051 2013 4 0
2051 4 4 0
2051 2973 2 0
2051 2210 2 0
2051 2328 2 0
2053 1914 2 0
2053 2039 4 0
2053 1904 2 0
2053 108 4 0
2053 2983 2 0
2979 1821 19 0
2979 2947 24 0
2979 18 28 0
2979 1809 3 0
2979 1813 2 0
2979 1853 1 0
137 2890 2 0
1818 2924 2 0
1818 103 2 0
1818 2939 1 0
1818 2041 2 0
1818 2152 1 0
1818 4 2 0
1818 1904 1 0
1818 1816 2 0
1818 2953 1 0
1818 2592 1 0
1818 2950 1 0
2980 2938 1 0
2980 1900 1 0
2057 35 4 0
2057 25 4 0
2057 2033 4 0
2057 71 4 0
2057 252 2 0
2057 330 2 0
2057 321 2 0
2057 223 2 0
2057 843 2 0
2057 2166 2 0
2057 531 2 0
2057 528 2 0
2057 326 2 0
2057 2006 4 0
2057 793 2 0
2057 452 2 0
2983 2013 2 0
2983 4 2 0
2983 1819 1 0
2983 1816 2 0
2983 1904 1 0
2983 108 4 0
2983 2053 2 0
2983 2920 1 0
2983 2924 1 0
2059 3001 2 0
2988 2048 2 0
2988 2166 1 0
2988 2546 1 0
2988 290 1 0
2988 60 2 0
2988 322 1 0
2988 2292 1 0
2989 3004 1 0
71 1458 2 0
71 2863 2 0
71 25 4 0
71 2033 4 0
71 2057 4 0
71 252 2 0
71 330 2 0
71 321 2 0
71 223 2 0
71 843 2 0
71 2166 2 0
71 531 2 0
71 528 2 0
71 2112 2 0
2063 2920 2 0
2063 108 4 0
2063 1816 4 0
2999 2787 1 0
3001 2059 2 0
3002 1992 2 0
3002 2000 2 0
3002 101 2 0
3002 25 2 0
3002 16 2 0
3002 147 2 0
3002 2104 1 0
3003 1961 1 0
3004 2989 1 0
3006 1942 1 0
2065 1819 2 0
2065 1812 2 0
2065 2328 2 0
3008 2939 1 0
3008 2040 2 0
3010 2522 1 0
1996 83 4 0
1996 2087 2 0
1996 540 2 0
1996 14 4 0
1996 25 4 0
1996 326 2 0
1996 2151 2 0
1996 531 2 0
1996 464 2 0
1996 299 2 0
147 2670 2 0
147 1992 4 0
147 2000 4 0
147 101 4 0
147 25 4 0
147 16 4 0
147 3002 2 0
147 2104 2 0
3017 2463 1 0
3017 2019 2 0
3017 1904 1 0
3017 1812 1 0
2070 2155 2 0
2070 26 4 0
2424 12 2 0
2215 217 1 0
2215 259 1 0
2542 2623 1 0
1764 1999 2 0
2071 2000 2 0
2071 2006 2 0
2071 2166 1 0
2071 528 1 0
2071 2238 2 2
2071 25 2 0
2071 2576 1 0
2071 2707 1 0
2071 87 2 0
2072 749 1 0
2072 2747 1 0
1023 2971 1 0
2434 2844 1 0
252 2931 1 0
252 843 2 0
252 25 2 0
252 2033 2 0
252 2057 2 0
252 71 2 0
252 330 1 0
252 321 1 0
252 223 1 0
252 2166 1 0
252 531 1 0
252 528 1 0
252 2245 1 0
252 742 1 0
2439 1486 1 0
2439 2447 1 0
2075 1147 1 0
2441 2550 1 0
2445 2465 1 0
2447 2439 1 0
2447 2482 1 1
2076 2117 1 0
2448 2248 1 0
2448 2663 1 0
2448 2732 1 0
2449 2007 2 0
1215 2514 1 0
2451 1242 1 0
196 1994 2 0
196 789 1 0
196 2006 2 0
196 2153 1 0
196 2247 1 0
196 2747 1 0
196 540 1 0
196 2391 1 0
196 2165 1 0
196 213 1 0
2454 2640 1 0
2454 562 1 0
2456 1518 1 0
2458 1075 1 0
1295 1589 1 0
2463 2707 1 0
2463 2519 1 0
2463 3017 1 0
2463 1007 1 0
2464 2768 1 0
2465 2445 1 0
2466 2589 1 0
2082 2918 1 0
2082 2238 1 0
2082 840 1 0
2468 2419 1 0
2470 2473 1 0
2470 1376 1 0
2084 2159 1 0
2472 2707 1 0
2473 2601 1 0
2473 2470 1 0
2475 2148 1 0
1189 1245 1 0
2478 2691 1 0
2482 2447 1 1
233 271 1 0
233 223 1 0
233 2166 1 0
233 531 1 0
233 2238 1 0
233 2397 1 0
233 25 2 0
233 840 1 0
233 2175 2 1
233 2364 2 0
233 2138 1 0
233 2421 1 0
233 2004 2 0
2483 1019 1 0
2087 83 2 0
2087 1996 2 0
2087 540 1 0
2087 2088 1 0
2088 2538 1 0
2088 2747 1 0
2088 2087 1 0
2488 2507 1 0
2489 1992 2 0
2489 1995 2 0
2489 2321 1 0
154 271 1 0
154 99 2 0
154 2170 1 0
1225 2585 1 0
1156 2582 1 0
1156 2156 1 0
1156 175 1 0
2491 2597 1 0
2092 2851 1 0
2493 1203 1 0
2495 2573 1 0
2495 2550 1 0
2498 272 1 0
2502 2527 1 0
2505 2687 1 0
2507 2488 1 0
1245 1189 1 0
1022 838 1 0
1022 1998 2 0
1022 1075 1 0
2096 2884 1 0
2097 2751 1 0
1255 299 1 0
314 2195 1 0
2098 2845 1 0
2099 741 1 0
2099 2255 1 0
1259 20 2 2
228 486 1 1
330 2033 2 0
330 2057 2 0
330 71 2 0
330 252 1 0
330 223 1 0
330 843 1 0
330 2166 1 0
330 531 1 0
330 528 1 0
1062 2792 1 0
1062 2783 1 0
1062 2790 2 0
1062 2791 2 0
1147 2075 1 0
2514 1215 1 0
2514 2673 1 0
2519 2463 1 0
1063 2685 1 0
1063 2322 1 0
2520 2002 2 0
2522 3010 1 0
2523 2273 1 0
2525 1194 1 0
2104 740 1 0
2104 478 1 0
2104 741 1 0
2104 2027 2 0
2104 2244 1 0
2104 2048 2 0
2104 840 1 0
2104 1992 2 0
2104 2000 2 0
2104 101 2 0
2104 25 2 0
2104 16 2 0
2104 3002 1 0
2104 147 2 0
2104 531 1 0
2104 2292 1 0
2527 2502 1 0
1284 84 2 0
1284 2239 1 0
1284 1591 1 0
1284 2834 1 0
321 271 1 0
321 223 2 0
321 2166 2 0
321 531 2 0
321 2238 1 0
321 2397 1 0
321 2033 2 0
321 2057 2 0
321 71 2 0
321 252 1 0
321 2028 2 0
321 326 1 0
1088 2129 1 0
2111 254 1 0
2111 175 1 0
176 271 1 0
2530 2312 1 0
478 2104 1 0
478 741 1 0
2112 71 2 0
2112 2917 1 0
2112 83 2 0
838 1022 1 0
260 2175 1 0
2114 83 2 0
2114 663 1 0
1019 2483 1 0
2538 2088 1 0
2538 2747 1 0
2117 276 1 0
2117 2545 1 0
2117 254 1 0
2117 2076 1 0
2118 1075 1 0
2118 2658 1 0
2541 2663 1 0
1007 663 1 0
1007 2902 1 0
1007 2463 1 0
2120 452 1 0
2120 2366 1 0
271 7 2 0
271 154 1 0
271 2691 1 0
271 2029 2 0
271 1808 2 0
271 83 2 0
271 233 1 0
271 321 1 0
271 223 1 0
271 2166 1 0
271 322 1 0
271 2238 1 0
271 528 1 0
271 2397 1 0
271 176 1 0
271 840 1 0
2544 1293 1 0
2121 2914 1 0
2121 833 1 0
1172 2739 1 0
2545 2117 1 0
2545 254 1 0
2546 2988 1 0
2546 290 1 0
2546 1198 1 0
2549 2732 1 0
2550 2441 1 0
2550 2495 1 0
1075 2458 1 0
1075 2118 1 0
1075 1022 1 0
344 2343 1 0
344 14 2 0
344 25 2 0
344 840 1 0
344 2002 2 0
344 2166 1 0
344 2033 2 0
344 531 1 0
166 2904 1 0
2553 2747 1 0
2556 2905 1 0
2128 2157 1 0
2129 1088 1 0
270 2747 1 0
2559 2920 1 0
2559 2924 1 0
2559 1819 2 0
2559 108 2 0
2559 2047 2 0
2559 2146 1 0
2559 2210 1 0
2559 1852 2 0
2559 2016 2 0
2559 2018 2 0
2559 1817 1 0
2559 2038 2 0
2133 1881 1 0
1242 2451 1 0
2134 1279 1 0
2135 2136 1 0
265 254 1 0
1076 2747 1 0
223 2033 4 0
223 531 3 0
223 528 3 0
223 1808 2 0
223 83 2 0
223 233 1 0
223 321 2 0
223 271 1 0
223 2166 2 0
223 2238 1 0
223 2397 1 0
223 25 2 0
223 2057 2 0
223 71 2 0
223 252 1 0
223 330 1 0
2136 2135 1 0
2138 89 2 0
2138 233 1 0
2138 789 1 0
2138 2175 1 0
2138 2364 1 0
2138 2421 1 0
2568 1123 1 0
326 14 4 0
326 840 1 0
326 829 1 0
326 2057 2 0
326 2028 2 0
326 321 1 0
326 1996 2 0
326 2151 1 1
326 531 1 0
326 464 1 0
326 2002 2 0
326 256 1 0
326 2747 1 0
749 2072 1 0
1518 2903 1 0
1518 2456 1 0
789 2646 1 0
789 531 1 0
789 2670 1 0
789 2247 1 0
789 2138 1 0
789 2175 3 0
789 2364 2 0
789 2421 1 0
789 1994 2 0
789 196 1 0
789 25 2 0
789 840 1 0
2141 2166 1 0
2141 740 1 0
2573 2495 1 0
2142 2159 1 1
2142 2711 1 0
2146 2924 2 0
2146 2013 2 0
2146 1914 1 0
2146 1816 2 0
2146 2019 2 0
2146 108 6 0
2146 2939 2 0
2146 2592 2 0
2146 2282 1 0
2146 2411 1 0
2146 2946 1 0
2146 2930 1 0
2146 2920 2 0
2146 1819 1 0
2146 2047 2 0
2146 2559 1 0
2146 2210 1 0
2146 2152 1 0
2576 2071 1 0
2576 2707 1 0
1279 1953 2 0
1279 2134 1 0
1279 2001 2 0
833 2121 1 0
2580 2732 1 0
2580 2806 1 0
2581 100 2 0
2582 1156 1 0
2582 2663 1 0
840 2391 1 0
840 2231 1 0
840 663 1 0
840 2082 1 0
840 14 2 0
840 25 2 0
840 233 1 0
840 344 1 0
840 326 1 0
840 789 1 0
840 843 1 0
840 271 1 0
840 2048 2 0
840 2104 1 0
2585 1225 1 0
2585 2756 1 0
2148 2901 1 0
2148 2475 1 0
2148 2166 1 0
2148 2247 1 0
2587 2397 1 0
2589 2466 1 0
290 2988 1 0
290 2546 1 0
290 2863 1 0
843 25 4 0
843 840 1 0
843 2931 1 0
843 16 2 0
843 252 2 0
843 2033 2 0
843 2057 2 0
843 71 2 0
843 330 1 0
843 2166 1 0
843 531 1 0
2150 4 2 0
2150 1816 2 0
2591 1642 1 0
2592 2019 4 0
2592 1819 3 0
2592 108 6 0
2592 2950 2 0
2592 2959 1 0
2592 2939 1 0
2592 2146 2 0
2592 2282 1 0
2592 2411 1 0
2592 2924 1 0
2592 4 2 0
2592 1904 1 0
2592 1816 4 0
2592 2953 1 0
2592 1818 1 0
2592 2920 2 0
2592 2960 1 0
2151 14 2 0
2151 25 2 0
2151 1996 2 0
2151 326 1 1
2151 531 1 0
2151 464 1 0
2151 299 1 0
2151 259 1 0
213 196 1 0
2152 2924 1 0
2152 103 2 0
2152 2939 1 0
2152 2041 2 0
2152 1818 1 0
2152 2930 1 0
2152 2034 2 0
2152 2973 1 0
2152 2146 1 0
2595 1526 1 0
2153 2165 1 0
2153 2006 2 0
2153 196 1 0
2153 2247 1 0
2153 2747 1 0
2153 540 1 0
2153 2391 1 0
217 2215 1 0
2596 1198 1 0
2155 2070 2 0
2597 54 2 0
2597 2491 1 0
2600 2608 1 0
1794 2883 1 0
2601 2473 1 0
254 2117 1 0
254 2545 1 0
254 265 1 0
254 2111 1 0
254 2048 2 0
1477 2442 1 0
2156 1156 1 0
2156 2173 1 0
2156 740 1 0
2157 2128 1 0
259 2215 1 0
259 2151 1 0
1194 2525 1 0
276 2117 1 0
256 2002 2 0
256 326 1 0
256 2747 1 0
1203 2493 1 0
1134 1567 1 0
1134 1293 1 0
2159 2142 1 1
2159 2084 1 0
2606 2780 1 0
2606 2687 1 0
2608 2609 1 0
2608 2600 1 0
2608 2678 1 0
2609 2608 1 0
2609 2835 1 0
2161 1808 2 0
1440 2250 1 0
1317 192 1 0
486 228 1 1
486 2250 1 0
2163 1429 1 0
829 326 1 0
1479 2930 1 0
2166 2148 1 0
2166 2247 1 0
2166 344 1 0
2166 663 1 0
2166 1808 2 0
2166 83 2 0
2166 233 1 0
2166 321 2 0
2166 271 1 0
2166 223 2 0
2166 322 1 0
2166 531 2 0
2166 2238 1 0
2166 528 3 0
2166 2397 1 0
2166 25 2 0
2166 2033 2 0
2166 2057 2 0
2166 71 2 0
2166 252 1 0
2166 330 1 0
2166 843 1 0
2166 2048 2 0
2166 2988 1 0
2166 2141 1 0
2166 740 1 0
2166 2000 2 0
2166 2006 2 0
2166 2071 1 0
2166 172 1 0
1648 2770 1 0
1293 1134 1 0
1293 2544 1 0
892 2747 1 0
175 2111 1 0
175 1156 1 0
737 2292 1 1
2623 2542 1 0
1198 2596 1 0
1198 2546 1 0
2167 2286 1 0
1123 2568 1 0
2169 2629 1 0
2629 2169 1 0
327 2299 1 0
320 540 1 0
2170 2769 1 0
2170 154 1 0
1614 2896 1 0
2173 2156 1 0
2173 740 1 0
2175 789 3 0
2175 89 2 0
2175 233 2 1
2175 2138 1 0
2175 2364 2 0
2175 2421 1 0
2175 260 1 0
1642 2591 1 0
2633 1129 1 0
2179 901 5 0
2179 371 1 0
2634 2346 1 1
1591 1284 1 0
1291 2318 1 0
1291 2183 1 0
510 722 1 0
2181 2873 1 0
172 2166 1 0
2637 360 2 1
2637 1390 1 1
2183 1291 1 0
1602 2735 2 0
595 2002 2 0
595 2747 1 0
2639 99 2 0
2640 2454 1 0
1651 2704 1 0
1651 2258 1 0
1429 2757 1 0
1429 2347 2 0
1429 2163 1 0
1429 2915 1 0
867 2298 1 0
901 2179 5 0
901 371 2 0
322 2033 2 0
322 531 2 0
322 271 1 0
322 2166 1 0
322 2238 1 0
322 2397 1 0
322 2988 1 0
322 2292 1 0
2646 789 1 0
2646 531 1 0
2646 2670 1 0
2646 2247 1 0
796 2205 1 0
1376 2470 1 0
1541 2820 1 1
1285 2802 1 0
1285 2287 1 1
1285 2834 1 0
1285 2369 1 0
1285 2879 1 1
793 2006 2 0
793 2057 2 0
1264 1555 1 0
1597 2817 1 0
2192 546 1 0
297 101 2 0
297 1848 1 0
1555 1264 1 0
2195 314 1 0
2199 1855 2 0
2200 2273 1 0
1187 2870 1 0
2165 2153 1 0
2165 196 1 0
2658 2118 1 0
2205 796 1 0
386 2037 8 2
386 2398 3 1
1589 1295 1 0
841 2268 1 0
1526 2595 1 0
2662 2695 1 0
2663 2272 1 0
2663 2541 1 0
2663 2448 1 0
2663 2582 1 0
186 1855 1 0
802 2958 1 0
531 14 2 0
531 25 6 0
531 1996 2 0
531 326 1 0
531 2151 1 0
531 464 1 0
531 299 1 0
531 1808 2 0
531 83 4 0
531 233 1 0
531 321 2 0
531 223 3 0
531 2166 2 0
531 322 2 0
531 2238 1 0
531 528 3 0
531 2397 1 0
531 2104 1 0
531 2292 1 0
531 2033 4 0
531 344 1 0
531 789 1 0
531 2646 1 0
531 2670 1 0
531 2247 1 0
531 2057 2 0
531 71 2 0
531 252 1 0
531 330 1 0
531 843 1 0
2668 2799 1 0
1486 2439 1 0
2670 2747 2 0
2670 147 2 0
2670 789 1 0
2670 2646 1 0
2670 531 1 0
2670 2247 1 0
2673 2514 1 0
371 2179 1 0
371 901 2 0
2210 2933 1 0
2210 126 2 0
2210 4 4 0
2210 1812 3 0
2210 2016 2 0
2210 2040 2 0
2210 1848 1 0
2210 2975 1 0
2210 2932 1 0
2210 2924 2 0
2210 2019 4 0
2210 1819 2 0
2210 2930 1 0
2210 108 4 0
2210 1816 4 0
2210 2013 2 0
2210 2973 1 0
2210 2051 2 0
2210 2328 1 0
2210 2920 2 0
2210 2047 2 0
2210 2559 1 0
2210 2146 1 0
2210 2039 2 0
2210 103 2 0
2678 2608 1 0
1316 2315 1 0
2681 1992 2 0
347 2352 1 0
2685 1063 1 0
2685 2322 1 0
835 2316 2 0
835 2327 2 0
2687 2606 1 0
2687 2505 1 0
319 1819 1 0
1499 937 1 0
1499 2288 1 1
2224 2262 1 2
2225 2770 1 0
2690 2770 1 0
2690 128 2 0
2226 2936 1 0
2226 2293 1 0
2226 2015 2 0
2691 2478 1 0
2691 271 1 0
2231 840 1 0
2231 663 1 0
1458 71 2 0
2232 540 1 0
2695 2662 1 0
1339 2372 1 0
1339 2884 1 0
2702 2976 1 0
2704 1651 1 0
2704 2805 1 0
2707 2463 1 0
2707 12 4 0
2707 2472 1 0
2707 2071 1 0
2707 2576 1 0
464 14 2 0
464 25 2 0
464 1996 2 0
464 326 1 0
464 2151 1 0
464 531 1 0
464 299 1 0
2709 2723 1 0
2709 2871 1 0
2711 2142 1 0
2238 2071 2 2
2238 2918 1 0
2238 2082 1 0
2238 1808 2 0
2238 83 2 0
2238 233 1 0
2238 321 1 0
2238 271 1 0
2238 223 1 0
2238 2166 1 0
2238 322 1 0
2238 531 1 0
2238 528 1 0
2238 2397 1 0
2238 25 2 0
2239 84 2 0
2239 1284 1 0
865 2406 1 1
2240 2757 1 0
2244 2027 2 0
2244 2104 1 0
2244 2321 1 0
2245 12 2 0
2245 80 1 0
2245 663 1 0
2245 299 1 0
2245 252 1 0
2245 742 1 0
2247 2148 1 0
2247 2166 1 0
2247 789 1 0
2247 2646 1 0
2247 531 1 0
2247 2670 1 0
2247 2006 2 0
2247 196 1 0
2247 2153 1 0
2247 2747 1 0
2247 540 1 0
2247 2391 1 0
2248 2448 1 0
2250 1440 1 0
2250 486 1 0
360 2637 2 1
452 2006 2 0
452 2057 2 0
452 2120 1 0
452 980 1 0
452 2803 1 0
452 1992 2 0
452 2343 1 0
2723 2709 1 0
1129 2633 1 0
1480 1121 1 0
2727 2814 1 0
2254 264 1 0
937 1499 1 0
937 2288 2 0
2255 2099 1 0
2255 2391 1 0
2256 2924 1 0
2256 1904 1 0
2732 2902 1 0
2732 2549 1 0
2732 2580 1 0
2732 2448 1 0
528 2000 4 0
528 271 1 0
528 223 3 0
528 2166 3 0
528 531 3 0
528 2238 1 0
528 2397 1 0
528 2006 2 0
528 2071 1 0
528 16 2 0
528 2029 2 0
528 25 2 0
528 2033 4 0
528 2057 2 0
528 71 2 0
528 252 1 0
528 330 1 0
2735 1602 2 0
2258 1651 1 0
2739 1172 1 0
722 510 1 0
2268 841 1 0
2268 2299 1 0
2269 2414 1 0
2272 2663 1 0
2273 2523 1 0
2273 2200 1 0
2747 2088 1 0
2747 2538 1 0
2747 2006 2 0
2747 196 1 0
2747 2153 1 0
2747 2247 1 0
2747 540 1 0
2747 2391 1 0
2747 2002 4 0
2747 595 1 0
2747 2897 1 0
2747 2670 2 0
2747 2072 1 0
2747 1076 1 0
2747 270 1 0
2747 2553 1 0
2747 326 1 0
2747 256 1 0
2747 892 1 0
2750 2293 1 0
2282 2019 2 0
2282 108 2 0
2282 2939 1 0
2282 2146 1 0
2282 2592 1 0
2282 2411 1 0
2751 2097 1 0
2262 2224 1 2
2756 2771 1 0
2756 2585 1 0
2757 2240 1 0
2757 1429 1 0
540 2006 2 0
540 196 1 0
540 2153 1 0
540 2247 1 0
540 2747 1 0
540 2391 1 0
540 320 1 0
540 2232 1 0
540 2000 2 0
540 2027 2 0
540 2033 2 0
540 83 2 0
540 1996 2 0
540 2087 1 0
540 2378 1 0
1567 1134 1 0
264 2254 1 0
2286 2167 1 0
2287 1285 1 1
2288 1499 1 1
2288 937 2 0
2768 2301 1 0
2768 2464 1 0
2292 2104 1 0
2292 531 1 0
2292 60 2 0
2292 2988 1 0
2292 322 1 0
2292 737 1 1
2769 2170 1 0
2770 2225 1 0
2770 2690 1 0
2770 1648 1 0
2770 2015 2 0
2293 2226 1 0
2293 2750 1 0
2771 2756 1 0
2776 2350 1 0
2776 2816 1 0
2298 2886 1 0
2298 2388 1 0
2298 867 1 0
2299 10 1 0
2299 2268 1 0
2299 327 1 0
2301 2768 1 0
2780 2606 1 0
2783 1062 1 0
2783 2790 1 1
2312 2530 1 0
2787 2999 1 0
2790 1062 2 0
2790 2783 1 1
2790 2791 1 0
2790 2792 1 0
2791 1062 2 0
2791 2790 1 0
2792 100 2 0
2792 1062 1 0
2792 2790 1 0
2315 1316 1 0
2316 835 2 0
2316 2327 3 0
2316 2356 1 0
2318 1291 1 0
740 2104 1 0
740 2141 1 0
740 2166 1 0
740 2156 1 0
740 2173 1 0
2799 2668 1 0
2321 2489 1 0
2321 2244 1 0
2322 1063 1 0
2322 2685 1 0
2802 1285 1 0
2803 452 1 0
2324 2853 1 0
663 840 1 0
663 2231 1 0
663 80 1 0
663 2245 1 0
663 2002 2 0
663 2166 1 0
663 2114 1 0
663 1007 1 0
980 452 1 0
2805 2704 1 0
2805 2837 1 0
2806 2580 1 0
2327 835 2 0
2327 2316 3 0
2327 2356 1 1
742 252 1 0
742 2245 1 0
742 14 2 0
1535 2867 1 0
2328 2013 2 0
2328 4 2 0
2328 2973 1 0
2328 2051 2 0
2328 2210 1 0
2328 2065 2 0
299 1255 1 0
299 14 2 0
299 25 2 0
299 1996 2 0
299 2151 1 0
299 531 1 0
299 464 1 0
299 80 1 0
299 2245 1 0
299 1995 2 0
299 2029 2 0
2813 2046 2 0
2814 2727 1 0
2816 2350 1 0
2816 2776 1 0
2816 2338 2 0
2817 1597 1 0
2338 2816 2 0
2820 1541 1 1
2820 103 2 0
2343 1992 2 0
2343 452 1 0
2343 344 1 0
2346 2634 1 1
741 2104 1 0
741 478 1 0
741 2099 1 0
2347 1429 2 0
2826 2018 2 0
2826 2950 1 0
2826 2019 2 0
192 1317 1 0
2350 2816 1 0
2350 2776 1 0
2834 1284 1 0
2834 2878 1 0
2834 1285 1 0
2356 2316 1 0
2356 2327 1 1
2835 2609 1 0
2837 2805 1 0
272 2498 1 0
2364 233 2 0
2364 789 2 0
2364 2175 2 0
2364 89 2 0
2364 2138 1 0
2364 2421 1 0
2366 2120 1 0
2844 2434 1 0
2845 2098 1 0
2369 1285 1 0
2372 1339 1 0
2378 540 1 0
2851 2092 1 0
2352 347 1 0
2853 2324 1 0
2853 2928 1 0
1390 2637 1 1
2388 2298 1 0
1121 2876 1 0
1121 1480 1 0
2391 2255 1 0
2391 840 1 0
2391 2006 2 0
2391 196 1 0
2391 2153 1 0
2391 2247 1 0
2391 2747 1 0
2391 540 1 0
2863 2012 2 0
2863 290 1 0
2863 71 2 0
2867 1535 1 0
2870 1187 1 0
2871 2709 1 0
2873 2181 1 0
562 2454 1 0
2397 1808 2 0
2397 83 2 0
2397 233 1 0
2397 321 1 0
2397 271 1 0
2397 223 1 0
2397 2166 1 0
2397 322 1 0
2397 531 1 0
2397 2238 1 0
2397 528 1 0
2397 2587 1 0
2398 2037 2 2
2398 386 3 1
546 2192 1 0
2876 1121 1 0
2404 2013 2 0
2404 2016 2 0
2404 1939 1 0
2406 865 1 1
2878 2834 1 0
2879 1285 1 1
2411 2019 2 0
2411 108 2 0
2411 2939 1 0
2411 2146 1 0
2411 2592 1 0
2411 2282 1 0
2883 1794 1 0
2414 2269 1 0
2884 1339 1 0
2884 2096 1 0
2886 2298 1 0
2890 137 2 0
2419 2468 1 0
2421 89 4 0
2421 233 1 0
2421 2138 1 0
2421 789 1 0
2421 2175 1 0
2421 2364 1 0
2442 1477 1 0
2442 2003 2 0
2442 2899 1 0
2896 1614 1 0
2897 2747 1 0
2899 2442 1 0
2899 2900 1 1
2900 2899 1 1
2901 2148 1 0
2902 2732 1 0
2902 1007 1 0
2903 1518 1 0
2904 166 1 0
2905 2556 1 0
1992 2070 0 4
1992 2057 0 4
1997 257 0 2
1997 1209 0 2
1999 2881 0 2
15 2449 0 2
15 2508 0 2
15 1232 0 2
15 1751 0 2
15 22 0 4
15 2473 0 2
15 1156 0 2
15 2490 0 6
15 1001 0 2
15 276 0 2
15 256 0 2
15 1724 0 2
15 1217 0 2
2914 2510 0 1
2914 2116 0 2
2006 176 0 2
145 2742 0 2
3020 2611 0 1
10 2513 0 1
10 1705 0 1
10 2583 0 1
30 2432 0 1
30 2042 0 2
30 1237 0 1
30 2529 0 1
30 2903 0 1
22 2540 0 2
22 2490 0 2
22 1217 0 2
22 2563 0 2
22 2569 0 4
22 1113 0 2
22 1047 0 2
22 15 0 4
22 2473 0 2
22 1156 0 2
22 1155 0 2
22 2148 0 2
103 2044 0 4
12 147 0 4
2018 1816 0 4
2926 1577 0 1
25 2112 0 2
35 2082 0 2
2026 2293 0 2
2027 2397 0 2
3022 2556 0 1
1816 2018 0 4
88 2735 0 2
2032 2793 0 2
71 2217 0 2
2040 2051 0 4
2042 30 0 2
2042 1237 0 4
2044 103 0 4
2045 2192 0 2
2045 1462 0 2
2045 2731 0 2
2051 2040 0 4
3030 2199 0 1
3031 2060 0 4
3031 2836 0 1
2057 1992 0 4
2060 3031 0 4
2060 2836 0 2
1963 3006 0 1
3006 1963 0 1
1996 2106 0 2
147 12 0 4
3032 2326 0 1
2070 1992 0 4
2471 1717 0 1
2471 2477 0 1
2471 2438 0 1
2471 2540 0 1
2471 1194 0 1
2471 1145 0 1
1717 2444 0 1
1717 1179 0 1
1717 2471 0 1
1717 2477 0 1
2453 2527 0 1
1023 2540 0 1
1023 1232 0 1
1023 2490 0 1
1023 2566 0 1
1023 2506 0 1
2432 2589 0 1
2432 30 0 1
2432 1043 0 1
2436 1245 0 1
2436 2110 0 1
2436 1100 0 1
2436 266 0 1
2436 2764 0 1
2438 2471 0 1
2438 1076 0 1
2438 2742 0 1
2438 1147 0 1
2438 2555 0 1
2438 1715 0 1
2440 2170 0 1
2444 2711 0 1
2444 1717 0 1
2444 1179 0 1
2445 1018 0 1
2447 227 0 2
2076 310 0 1
2076 1088 0 1
2449 275 0 1
2449 2584 0 1
2449 1357 0 1
2449 15 0 2
2449 2508 0 1
2452 2462 0 1
1001 1217 0 1
1001 241 0 1
1001 15 0 2
1001 2490 0 1
1001 2080 0 2
1001 2097 0 2
1001 2131 0 1
1001 486 0 1
1001 2275 0 1
2080 1001 0 2
2080 2097 0 3
2080 217 0 2
2080 486 0 1
2080 172 0 1
2080 2275 0 1
2080 2099 0 1
2080 2120 0 1
2080 275 0 1
2080 2131 0 1
2461 2509 0 1
2462 2452 0 1
2462 2493 0 1
191 154 0 1
191 2142 0 1
191 2159 0 1
191 1243 0 1
1117 2631 0 1
2466 2321 0 1
2082 35 0 2
2468 1316 0 1
2468 2756 0 1
1793 2473 0 1
1793 1113 0 1
1793 1145 0 1
1793 2684 0 1
1793 2751 0 1
1793 1179 0 1
1793 1738 0 1
2472 2589 0 1
2473 1793 0 1
2473 15 0 2
2473 22 0 2
2473 1156 0 1
1179 2511 0 1
1179 1793 0 1
1179 1738 0 1
1179 1190 0 2
1179 1717 0 1
1179 2444 0 1
2475 2495 0 1
2475 2540 0 1
1189 2509 0 1
1189 2558 0 1
2477 2589 0 1
2477 2506 0 1
2477 2471 0 1
2477 1717 0 1
2477 2901 0 1
2479 2636 0 1
2480 2903 0 1
2480 2148 0 1
2480 1317 0 1
2480 2908 0 1
2482 2506 0 1
2482 1193 0 1
2482 227 0 1
2086 2097 0 1
2086 307 0 1
2086 310 0 1
2484 2540 0 1
2484 2678 0 1
2484 2737 0 1
2484 2897 0 1
2487 2791 0 1
2487 2792 0 1
2087 1002 0 1
2088 2123 0 2
2088 265 0 1
2088 2105 0 2
1052 2596 0 1
2489 2490 0 1
154 2131 0 1
154 1217 0 1
154 191 0 1
1225 2540 0 1
1225 2684 0 1
1225 2742 0 1
1156 15 0 2
1156 22 0 2
1156 2473 0 1
1156 1738 0 1
1156 2148 0 1
1156 2711 0 1
1232 15 0 2
1232 2563 0 1
1232 1023 0 1
1232 2490 0 1
1232 2566 0 1
1232 1194 0 1
2490 15 0 6
2490 1001 0 1
2490 276 0 1
2490 256 0 1
2490 2489 0 1
2490 1094 0 2
2490 22 0 2
2490 1217 0 2
2490 1023 0 1
2490 1232 0 1
2490 2566 0 1
1094 1237 0 1
1094 2501 0 1
1094 2563 0 1
1094 2742 0 1
1094 2751 0 1
1094 2490 0 2
1237 30 0 1
1237 2042 0 4
1237 1094 0 1
1237 2501 0 1
1237 2563 0 1
1237 2742 0 1
1237 2751 0 1
1237 2585 0 1
1237 2777 0 1
1217 15 0 2
1217 2490 0 2
1217 2119 0 1
1217 2170 0 1
1217 2587 0 1
1217 1001 0 1
1217 154 0 1
1217 228 0 1
1217 241 0 1
1217 172 0 1
1217 22 0 2
1005 2596 0 1
2493 478 0 1
2493 275 0 1
2493 1191 0 1
2493 1007 0 1
2493 2462 0 1
2495 2475 0 1
2496 1738 0 1
2496 2584 0 1
2496 2589 0 1
2499 1172 0 1
2499 2546 0 1
2501 2509 0 1
2501 2511 0 1
2501 1094 0 1
2501 1237 0 1
2501 2563 0 1
2501 2742 0 1
2501 2751 0 1
1715 2438 0 1
2506 2477 0 1
2506 1023 0 1
2506 2482 0 1
2506 1193 0 1
2095 259 0 1
1245 2436 0 1
1245 2110 0 1
1245 2764 0 1
1022 2634 0 1
2097 308 0 1
2097 2086 0 1
2097 307 0 2
2097 2366 0 1
2097 241 0 1
2097 1001 0 2
2097 2080 0 3
2097 2131 0 1
2097 217 0 2
2097 486 0 1
2097 172 0 1
2097 2275 0 1
2097 2099 0 1
2097 2120 0 1
2097 275 0 1
2508 1088 0 1
2508 1113 0 1
2508 1155 0 1
2508 15 0 2
2508 2449 0 1
2509 1189 0 1
2509 2501 0 1
2509 1145 0 1
2509 2461 0 1
2509 2558 0 1
2099 217 0 2
2099 256 0 1
2099 2132 0 1
2099 259 0 1
2099 2250 0 1
2099 2080 0 1
2099 2097 0 1
2099 2120 0 1
2099 275 0 1
2510 2914 0 1
2511 1179 0 1
2511 2501 0 1
2511 1209 0 1
2513 1705 0 3
2513 2268 0 1
2513 1210 0 1
2513 10 0 1
2513 2583 0 1
228 2275 0 1
228 1217 0 1
1214 1203 0 1
1214 2553 0 2
1214 2897 0 1
1214 1191 0 1
1147 2438 0 1
1147 2553 0 1
1147 1198 0 1
2516 2585 0 1
2516 2684 0 1
2516 2596 0 1
2516 2711 0 1
2516 1738 0 1
2519 1194 0 1
2522 1194 0 1
2522 1210 0 1
1738 1156 0 1
1738 2496 0 1
1738 2516 0 1
1738 1793 0 1
1738 1179 0 1
1209 1997 0 2
1209 257 0 1
1209 2511 0 1
1209 1155 0 1
2103 2282 0 1
2527 2453 0 1
2105 2088 0 2
2105 271 0 1
2105 1002 0 1
2106 1996 0 2
2106 2114 0 1
227 2447 0 2
227 2482 0 1
2529 30 0 1
2529 2794 0 1
2529 2569 0 1
2110 2436 0 1
2110 1245 0 1
2110 1100 0 1
2110 266 0 1
2110 2764 0 1
1100 2436 0 1
1100 2110 0 1
1100 2764 0 1
1190 1179 0 2
1088 2508 0 1
1088 1113 0 1
1088 1155 0 1
1088 2076 0 1
1202 1751 0 1
257 2111 0 1
257 1209 0 1
257 2131 0 1
257 1997 0 2
2111 257 0 1
2111 478 0 1
176 2006 0 2
478 2493 0 1
478 1007 0 1
478 2111 0 1
2112 25 0 2
2114 2106 0 1
2114 740 0 1
2114 326 0 1
1705 2513 0 3
1705 2268 0 1
1705 10 0 1
1705 2583 0 1
1018 2445 0 1
1018 1155 0 1
1018 2148 0 1
2116 2914 0 2
1113 2508 0 1
1113 1088 0 1
1113 1155 0 1
1113 1793 0 1
1113 2684 0 1
1113 2751 0 1
1113 22 0 2
1113 1047 0 1
2540 2484 0 1
2540 1023 0 1
2540 1225 0 1
2540 2475 0 1
2540 2471 0 1
2540 1194 0 1
2540 22 0 2
2119 1217 0 1
2119 2170 0 1
2120 2161 0 1
2120 175 0 1
2120 2080 0 1
2120 2097 0 1
2120 2099 0 1
2120 275 0 1
2120 217 0 1
2120 259 0 1
273 2304 0 1
273 2384 0 1
273 1243 0 1
271 2105 0 1
1172 2499 0 1
1751 2563 0 1
1751 1202 0 1
1751 2148 0 1
1751 15 0 2
2123 2088 0 2
2123 265 0 1
1243 191 0 1
1243 273 0 1
2125 1196 0 1
2549 2884 0 1
201 1215 0 1
344 2397 0 1
2553 1214 0 2
2553 1191 0 1
2553 1147 0 1
2553 2897 0 1
2555 2438 0 1
2556 3022 0 1
2557 2737 0 1
2557 256 0 1
2558 1189 0 1
2558 2509 0 1
2131 154 0 1
2131 217 0 1
2131 257 0 1
2131 275 0 1
2131 1001 0 1
2131 2080 0 1
2131 2097 0 1
2563 1751 0 1
2563 1232 0 1
2563 1094 0 1
2563 1237 0 1
2563 2501 0 1
2563 2742 0 1
2563 2751 0 1
2563 22 0 2
2563 2569 0 1
2132 2164 0 1
2132 2099 0 1
2566 1023 0 1
2566 1232 0 1
2566 2490 0 1
1043 2432 0 1
265 2088 0 1
265 2123 0 1
1076 2438 0 1
1076 2742 0 1
326 2114 0 1
2569 2148 0 1
2569 2529 0 1
2569 22 0 4
2569 2563 0 1
2141 2397 0 1
2573 2638 0 1
1155 22 0 2
1155 1018 0 1
1155 2148 0 1
1155 1209 0 1
1155 2508 0 1
1155 1088 0 1
1155 1113 0 1
2142 191 0 1
2142 241 0 1
2582 2777 0 1
2583 10 0 1
2583 2513 0 1
2583 1705 0 1
275 2131 0 1
275 2449 0 1
275 2493 0 1
275 1007 0 1
275 2080 0 1
275 2097 0 1
275 2099 0 1
275 2120 0 1
275 2777 0 1
2584 2496 0 1
2584 2449 0 1
2585 2684 0 2
2585 1237 0 1
2585 2516 0 1
2148 2569 0 1
2148 1156 0 1
2148 2480 0 1
2148 1751 0 1
2148 22 0 2
2148 1018 0 1
2148 1155 0 1
2587 1217 0 1
2589 2432 0 1
2589 2496 0 1
2589 2477 0 1
2589 2472 0 1
1193 2482 0 1
1193 2506 0 1
241 2097 0 1
241 1001 0 1
241 1217 0 1
241 2142 0 1
241 2159 0 1
1357 2449 0 1
213 2670 0 1
217 2099 0 2
217 2131 0 1
217 2080 0 2
217 2097 0 2
217 2120 0 1
217 486 0 1
217 2275 0 1
2596 1005 0 1
2596 1052 0 1
2596 2516 0 1
2596 2711 0 1
2599 2623 0 1
2603 2733 0 1
2156 322 0 2
2158 2179 0 1
259 2095 0 1
259 2120 0 1
259 307 0 1
259 2099 0 1
259 2250 0 1
1194 2519 0 1
1194 2522 0 1
1194 1210 0 1
1194 2471 0 1
1194 2540 0 1
1194 1232 0 1
276 15 0 2
276 2490 0 1
256 15 0 2
256 2490 0 1
256 2557 0 1
256 2099 0 1
1145 2471 0 1
1145 2509 0 1
1145 1793 0 1
1145 2684 0 1
1145 2751 0 1
1203 1214 0 1
1724 15 0 2
2159 2201 0 1
2159 1007 0 1
2159 191 0 1
2159 241 0 1
2159 222 0 1
2609 2737 0 1
2611 3020 0 1
2161 2120 0 1
1603 2638 0 1
1210 203 0 1
1210 2522 0 1
1210 1194 0 1
1210 2513 0 1
1317 2480 0 1
1317 2908 0 1
486 1001 0 1
486 2080 0 1
486 2097 0 1
486 217 0 1
486 172 0 2
486 2275 0 2
486 2173 0 3
414 2373 0 1
1047 327 0 1
1047 2381 0 1
1047 22 0 2
1047 1113 0 1
1047 371 0 1
1047 2268 0 1
2164 2132 0 1
310 2076 0 1
310 2086 0 1
175 2120 0 1
2623 2599 0 1
1198 1147 0 1
307 2086 0 1
307 2097 0 2
307 259 0 1
1191 1214 0 1
1191 2553 0 1
1191 2493 0 1
1191 1007 0 1
323 514 0 1
2169 2862 0 1
327 1047 0 1
327 2381 0 1
308 2097 0 1
2631 1117 0 1
2631 2367 0 1
2170 2440 0 1
2170 1217 0 1
2170 2119 0 1
300 382 0 1
300 2388 0 1
2173 486 0 3
1002 2087 0 1
1002 2105 0 1
1273 2323 0 1
2179 2158 0 1
2634 1022 0 1
2634 2638 0 6
2634 1339 0 1
2634 1240 0 8
2634 2643 0 2
1577 2926 0 1
172 1217 0 1
172 486 0 2
172 2080 0 1
172 2097 0 1
172 2275 0 1
2636 2479 0 1
2638 2634 0 6
2638 1240 0 22
2638 1603 0 1
2638 2643 0 1
2638 1339 0 1
2638 2372 0 1
2638 2573 0 1
2639 1316 0 1
2639 2312 0 1
2643 2634 0 2
2643 2638 0 1
2643 1240 0 1
203 1210 0 1
203 2304 0 1
1285 2657 0 1
1285 2887 0 1
2192 2045 0 2
371 1047 0 1
371 2268 0 1
2199 3030 0 1
382 300 0 1
382 2388 0 1
2655 2758 0 1
222 2159 0 1
2657 1285 0 1
2657 2887 0 1
1240 2634 0 8
1240 2638 0 22
1240 2643 0 1
1240 2668 0 1
266 2436 0 1
266 2110 0 1
266 2764 0 1
2668 1240 0 1
2670 213 0 1
2212 592 0 1
2678 2484 0 1
1316 2639 0 1
1316 2468 0 1
322 2156 0 2
2684 2585 0 2
2684 2516 0 1
2684 1793 0 1
2684 1113 0 1
2684 1145 0 1
2684 2751 0 1
2684 1225 0 1
2684 2742 0 1
2217 71 0 2
671 2250 0 1
319 2713 0 1
1462 2045 0 2
1462 2731 0 1
2688 2870 0 1
2654 1689 0 1
1196 2125 0 1
2692 1581 0 1
1339 2634 0 1
1339 2638 0 1
2711 1156 0 1
2711 2444 0 1
2711 2516 0 1
2711 2596 0 1
2713 319 0 1
514 323 0 1
2244 741 0 1
393 2284 0 1
2250 671 0 1
2250 2099 0 1
2250 259 0 1
1659 2879 0 1
1581 2692 0 1
1689 2654 0 1
2731 1462 0 1
2731 2045 0 2
2733 2603 0 1
2735 88 0 2
2737 2484 0 1
2737 2897 0 1
2737 2557 0 1
2737 2609 0 1
2742 2438 0 1
2742 1076 0 1
2742 145 0 2
2742 1225 0 1
2742 2684 0 1
2742 1094 0 1
2742 1237 0 1
2742 2501 0 1
2742 2563 0 1
2742 2751 0 1
2268 1047 0 1
2268 371 0 1
2268 2381 0 1
2268 2513 0 1
2268 1705 0 1
2275 228 0 1
2275 486 0 2
2275 1001 0 1
2275 2080 0 1
2275 2097 0 1
2275 217 0 1
2275 172 0 1
2282 2103 0 1
2751 1793 0 1
2751 1113 0 1
2751 1145 0 1
2751 2684 0 1
2751 1094 0 1
2751 1237 0 1
2751 2501 0 1
2751 2563 0 1
2751 2742 0 1
2756 2468 0 1
2284 393 0 1
2758 2655 0 1
2764 2774 0 1
2764 2436 0 1
2764 1245 0 1
2764 2110 0 1
2764 1100 0 1
2764 266 0 1
2201 2159 0 1
2201 1007 0 1
2293 2026 0 2
2774 2764 0 1
2777 2582 0 1
2777 275 0 1
2777 1237 0 1
2304 273 0 1
2304 2384 0 1
2304 2381 0 1
2304 203 0 1
1007 2493 0 1
1007 478 0 1
1007 275 0 1
1007 1191 0 1
1007 2159 0 1
1007 2201 0 1
2312 2639 0 1
2791 2487 0 1
2791 2792 0 1
2792 2487 0 1
2792 2791 0 1
2793 2032 0 2
2794 2529 0 1
1692 2894 0 1
740 2114 0 1
2321 2466 0 1
2323 1273 0 1
2326 3032 0 1
2546 2499 0 1
741 2244 0 1
1215 201 0 1
2366 2097 0 1
2845 2897 0 1
2367 2631 0 1
2372 2638 0 1
2373 414 0 1
2381 2304 0 1
2381 1047 0 1
2381 327 0 1
2381 2268 0 1
2384 273 0 1
2384 2304 0 1
2388 300 0 1
2388 382 0 1
2862 2169 0 1
2836 3031 0 1
2836 2060 0 2
2870 2688 0 1
2397 344 0 1
2397 2027 0 2
2397 2141 0 1
2879 1659 0 1
2881 1999 0 2
2884 2549 0 1
2887 1285 0 1
2887 2657 0 1
592 2212 0 1
2894 1692 0 1
2897 1214 0 1
2897 2553 0 1
2897 2484 0 1
2897 2737 0 1
2897 2845 0 1
2898 2899 0 1
2898 2900 0 1
2899 2898 0 1
2900 2898 0 1
2901 2477 0 1
2903 30 0 1
2903 2480 0 1
2908 2480 0 1
2908 1317 0 1
